2.950000000000000000e+02	-6.981673406851679431e+01	-3.592595763218590227e-02
2.952500000000000000e+02	-7.423912256337089843e+01	-3.783152794006650055e-02
2.955000000000000000e+02	-7.689106015848389575e+01	-4.168411912918069950e-02
2.957500000000000000e+02	-7.809978217961139535e+01	-4.570647670571310189e-02
2.960000000000000000e+02	-7.708856486909709815e+01	-3.390257797566970099e-02
2.962500000000000000e+02	-7.480202681448679414e+01	-3.913534211170680011e-02
2.965000000000000000e+02	-7.311578256125099529e+01	-3.576265108643190277e-02
2.967500000000000000e+02	-7.273427257467750451e+01	-3.288046453535330149e-02
2.970000000000000000e+02	-7.088491116844950568e+01	-3.276992898961970241e-02
2.972500000000000000e+02	-6.482093839518840639e+01	-3.012034287252670153e-02
2.975000000000000000e+02	-5.960758304655610118e+01	-2.618903862989360037e-02
2.977500000000000000e+02	-6.406715672380489934e+01	-3.133361235371519976e-02
2.980000000000000000e+02	-7.755155828633239423e+01	-3.633947327000709715e-02
2.982500000000000000e+02	-8.731941596465050281e+01	-3.264546563323259681e-02
2.985000000000000000e+02	-8.418757998822660227e+01	-4.286431053612500125e-02
2.987500000000000000e+02	-7.381988778440229737e+01	-2.905860314318960136e-02
2.990000000000000000e+02	-6.531950220745119395e+01	-3.014259247719749957e-02
2.992500000000000000e+02	-5.937214589288979738e+01	-2.048688127126519973e-02
2.995000000000000000e+02	-5.419635693020440215e+01	-1.866161851824000087e-02
2.997500000000000000e+02	-5.020005600235820253e+01	-2.171479821218570000e-02
3.000000000000000000e+02	-4.370821114313039857e+01	-1.228512441472119979e-02
3.002500000000000000e+02	-3.320183721956549761e+01	-1.355083299327709996e-02
3.005000000000000000e+02	-2.633808904063320000e+01	-1.536893993363550037e-02
3.007500000000000000e+02	-2.619778212313109833e+01	-7.299618823397759602e-03
3.010000000000000000e+02	-2.740861088476020058e+01	-1.003375733931240014e-02
3.012500000000000000e+02	-2.770990527621820121e+01	-1.126983219573680049e-02
3.015000000000000000e+02	-3.012729545862400116e+01	-2.003810173728099928e-02
3.017500000000000000e+02	-3.558103020164840302e+01	-1.341389100795259935e-02
3.020000000000000000e+02	-3.876944259277129845e+01	-2.397925693598430136e-02
3.022500000000000000e+02	-3.715333278832279973e+01	-2.088140064671530072e-02
3.025000000000000000e+02	-3.775373836727249710e+01	-2.262049601796380094e-02
3.027500000000000000e+02	-4.462094627099040167e+01	-1.943872939458550150e-02
3.030000000000000000e+02	-5.066223891897229947e+01	-3.221350148903229932e-02
3.032500000000000000e+02	-5.110689662315890303e+01	-2.708191116091709927e-02
3.035000000000000000e+02	-4.956790398124920216e+01	-2.580575298127929865e-02
3.037500000000000000e+02	-4.763538485175359938e+01	-2.847405047165539951e-02
3.040000000000000000e+02	-4.259347505788309718e+01	-2.428802213412880120e-02
3.042500000000000000e+02	-3.631922094648560062e+01	-2.732212755800200038e-02
3.045000000000000000e+02	-3.652395397295420310e+01	-1.803371059573490032e-02
3.047500000000000000e+02	-4.504489501818210329e+01	-2.462105927672960173e-02
3.050000000000000000e+02	-5.544965779544480000e+01	-3.030680790883470005e-02
3.052500000000000000e+02	-6.199690907324689704e+01	-2.908523944482210161e-02
3.055000000000000000e+02	-6.433559706547950441e+01	-3.549443689872369689e-02
3.057500000000000000e+02	-6.784610939284459619e+01	-3.671115812738109940e-02
3.060000000000000000e+02	-7.819428233499310466e+01	-4.970977300030249985e-02
3.062500000000000000e+02	-9.485352974018330485e+01	-6.051265611699289948e-02
3.065000000000000000e+02	-1.108371668033360038e+02	-7.318657263484799891e-02
3.067500000000000000e+02	-1.191071131073479989e+02	-7.444893648115150087e-02
3.070000000000000000e+02	-1.206694706616419950e+02	-7.502690519761290311e-02
3.072500000000000000e+02	-1.219950467179079965e+02	-8.384448675336750312e-02
3.075000000000000000e+02	-1.252064819545250032e+02	-7.262537968164800573e-02
3.077500000000000000e+02	-1.269010435633749978e+02	-7.406195434453899384e-02
3.080000000000000000e+02	-1.234322715938360062e+02	-7.051726898173689417e-02
3.082500000000000000e+02	-1.130556432547380012e+02	-6.851882781592040506e-02
3.085000000000000000e+02	-9.594184838056979459e+01	-4.773606473883389850e-02
3.087500000000000000e+02	-7.388244499344230576e+01	-2.824259000836929975e-02
3.090000000000000000e+02	-5.254327888335340191e+01	-2.418297339532859969e-02
3.092500000000000000e+02	-4.206076268129640283e+01	-1.855527594057230015e-02
3.095000000000000000e+02	-4.662371720485249682e+01	-1.831460652777650022e-02
3.097500000000000000e+02	-5.921673935989070259e+01	-2.961433413739000126e-02
3.100000000000000000e+02	-6.980041966485480032e+01	-3.701227956183809897e-02
3.102500000000000000e+02	-7.219530284275440124e+01	-3.407178898758649738e-02
3.105000000000000000e+02	-6.823855919178899399e+01	-3.472737478342920181e-02
3.107500000000000000e+02	-6.305428746337379664e+01	-2.814442043618239908e-02
3.110000000000000000e+02	-5.676406360088689951e+01	-3.208078752393599825e-02
3.112500000000000000e+02	-5.087442533612299655e+01	-2.662979936165220038e-02
3.115000000000000000e+02	-5.342406062312129933e+01	-2.808634015322419852e-02
3.117500000000000000e+02	-6.695091358443690410e+01	-3.521803062851550092e-02
3.120000000000000000e+02	-8.238670406973500349e+01	-4.516669511010860255e-02
3.122500000000000000e+02	-9.361260323414680329e+01	-4.712844948944069912e-02
3.125000000000000000e+02	-1.042214520441220031e+02	-5.298870895100989825e-02
3.127500000000000000e+02	-1.136916544586480029e+02	-5.235877361441609867e-02
3.130000000000000000e+02	-1.161977968434730002e+02	-5.611111177638850034e-02
3.132500000000000000e+02	-1.137589587803909978e+02	-5.247980783355579715e-02
3.135000000000000000e+02	-1.123927888470999932e+02	-5.202325339380679814e-02
3.137500000000000000e+02	-1.124271009226820013e+02	-4.185673089779699818e-02
3.140000000000000000e+02	-1.095371339382920013e+02	-4.115247140860699843e-02
3.142500000000000000e+02	-1.000250514315590067e+02	-3.831495755667709696e-02
3.145000000000000000e+02	-8.495055071289759496e+01	-3.120058326658900136e-02
3.147500000000000000e+02	-6.800628779009230129e+01	-1.278555222574499946e-02
3.150000000000000000e+02	-5.409790060204539941e+01	-2.073613801168749937e-02
3.152500000000000000e+02	-4.769398913247499650e+01	-1.665803332388040084e-02
3.155000000000000000e+02	-4.589832546368869970e+01	-1.784470986370580159e-02
3.157500000000000000e+02	-4.220381216247219669e+01	-1.179083784786769985e-02
3.160000000000000000e+02	-3.881778032493510011e+01	-1.653905490476910087e-02
3.162500000000000000e+02	-4.370036836488660015e+01	-2.146787192168080061e-02
3.165000000000000000e+02	-5.711902654537500013e+01	-3.509271342026710344e-02
3.167500000000000000e+02	-7.127556590269530545e+01	-4.209142219741619784e-02
3.170000000000000000e+02	-7.952452531681339565e+01	-3.872591755763900301e-02
3.172500000000000000e+02	-8.214551446757219821e+01	-3.930263490434719731e-02
3.175000000000000000e+02	-8.544093874795399302e+01	-4.547618475053599729e-02
3.177500000000000000e+02	-9.211179762066029753e+01	-4.572503846547219808e-02
3.180000000000000000e+02	-9.681179272285329773e+01	-4.244342128218710208e-02
3.182500000000000000e+02	-9.360959306518560652e+01	-3.793499701826130027e-02
3.185000000000000000e+02	-8.158458860487090192e+01	-3.959267979400080129e-02
3.187500000000000000e+02	-6.530876778900520208e+01	-2.035749309289930017e-02
3.190000000000000000e+02	-5.063274916420760263e+01	-2.433200752028389854e-02
3.192500000000000000e+02	-4.043750974816529720e+01	-1.964876537378559829e-02
3.195000000000000000e+02	-3.700486140602789931e+01	-1.671065591103839884e-02
3.197500000000000000e+02	-3.994903155353939894e+01	-1.070059129048400032e-02
3.200000000000000000e+02	-4.272914036777149960e+01	-2.155207742142650068e-02
3.202500000000000000e+02	-4.146675412934310145e+01	-1.746193635976329983e-02
3.205000000000000000e+02	-3.947613568722690047e+01	-2.443008066374510040e-02
3.207500000000000000e+02	-3.940567960677680048e+01	-1.526947138729099936e-02
3.210000000000000000e+02	-4.072920861079519739e+01	-2.403144285298940142e-02
3.212500000000000000e+02	-4.345140413101759691e+01	-1.751764978571620016e-02
3.215000000000000000e+02	-5.135812691496499838e+01	-2.575228345249879966e-02
3.217500000000000000e+02	-6.665189023504819943e+01	-4.175991336529989717e-02
3.220000000000000000e+02	-8.172360595715510101e+01	-4.933943165222789973e-02
3.222500000000000000e+02	-8.817770756197499793e+01	-4.727456344688579781e-02
3.225000000000000000e+02	-8.537044864644450115e+01	-5.608076949550640233e-02
3.227500000000000000e+02	-7.721179645358709820e+01	-4.439164557112579984e-02
3.230000000000000000e+02	-6.975079927213900532e+01	-3.763645240291960126e-02
3.232500000000000000e+02	-6.502126503820089454e+01	-2.839967043319839915e-02
3.235000000000000000e+02	-5.853707976602989760e+01	-3.963127380194510219e-02
3.237500000000000000e+02	-4.742292601708970068e+01	-2.062757573454609972e-02
3.240000000000000000e+02	-3.346434456066079832e+01	-1.260919760963120050e-02
3.242500000000000000e+02	-2.046907347416999912e+01	-2.276630465811100169e-03
3.245000000000000000e+02	-1.388671918789479953e+01	-5.794966723110770183e-04
3.247500000000000000e+02	-1.835160712881010170e+01	1.132405316626690101e-03
3.250000000000000000e+02	-3.550767696821240094e+01	-1.121974040693709922e-02
3.252500000000000000e+02	-6.194298658498080101e+01	-3.979029256439330087e-02
3.255000000000000000e+02	-8.712030776940470389e+01	-5.346557180992889818e-02
3.257500000000000000e+02	-9.900008997255359589e+01	-6.670149009570310039e-02
3.260000000000000000e+02	-9.236165448884149498e+01	-5.708451536529970255e-02
3.262500000000000000e+02	-7.083921984307249886e+01	-3.901476255838279977e-02
3.265000000000000000e+02	-4.215463952893009747e+01	-1.948986287922920002e-02
3.267500000000000000e+02	-1.333200233613099961e+01	3.429374718760629798e-03
3.270000000000000000e+02	9.478902838196669123e+00	2.181318166474010070e-02
3.272500000000000000e+02	1.979019610906189897e+01	2.086623513538880120e-02
3.275000000000000000e+02	1.230586379512899953e+01	2.317708213074939905e-02
3.277500000000000000e+02	-1.115330365419429981e+01	3.436107924887550104e-03
3.280000000000000000e+02	-3.973785441212199743e+01	-2.294659017018050098e-02
3.282500000000000000e+02	-5.964753161318250108e+01	-3.618684950863770150e-02
3.285000000000000000e+02	-6.362350867398379961e+01	-5.162980512951410167e-02
3.287500000000000000e+02	-5.685288529707730021e+01	-3.872851722192990204e-02
3.290000000000000000e+02	-4.888762408809610349e+01	-2.550165218201460096e-02
3.292500000000000000e+02	-4.291087758931860208e+01	-2.452098852382730149e-02
3.295000000000000000e+02	-3.931649512824869674e+01	-2.565442270412179870e-02
3.297500000000000000e+02	-4.080309666104589894e+01	-1.697546492355420100e-02
3.300000000000000000e+02	-4.552700691874049710e+01	-2.582766578426730006e-02
3.302500000000000000e+02	-4.780367103073910329e+01	-2.940297558676290002e-02
3.305000000000000000e+02	-5.099499499025520066e+01	-3.154784395167890138e-02
3.307500000000000000e+02	-6.309106981179940021e+01	-4.136619408933799730e-02
3.310000000000000000e+02	-8.243225780339619746e+01	-5.235905910508949906e-02
3.312500000000000000e+02	-9.805547228239289836e+01	-6.519796421449890189e-02
3.315000000000000000e+02	-9.807630377134650246e+01	-6.244324461724590214e-02
3.317500000000000000e+02	-7.964269153630199582e+01	-4.924658972143360069e-02
3.320000000000000000e+02	-5.149927176553369890e+01	-3.544005315249579985e-02
3.322500000000000000e+02	-2.685824042543239898e+01	-1.625441184249589929e-02
3.325000000000000000e+02	-1.719778648939270127e+01	-8.983814838235569186e-03
3.327500000000000000e+02	-2.547642237742039839e+01	-4.489561981186499656e-03
3.330000000000000000e+02	-4.363015070532860307e+01	-2.640762015166479848e-02
3.332500000000000000e+02	-6.008302284386940073e+01	-3.638613633362079713e-02
3.335000000000000000e+02	-6.753797678588949793e+01	-4.188126346715970172e-02
3.337500000000000000e+02	-6.595925273235299358e+01	-3.295789107919479960e-02
3.340000000000000000e+02	-6.092387351212509827e+01	-4.072066285046409967e-02
3.342500000000000000e+02	-5.985905074010660343e+01	-3.442642934164819729e-02
3.345000000000000000e+02	-6.702435501933449302e+01	-3.065069968545600099e-02
3.347500000000000000e+02	-7.765786400562970471e+01	-4.048252158998170286e-02
3.350000000000000000e+02	-8.403798969470030045e+01	-5.170366616636860174e-02
3.352500000000000000e+02	-8.436582926696310381e+01	-5.343470065184829920e-02
3.355000000000000000e+02	-7.730342827515829640e+01	-4.504324705056499817e-02
3.357500000000000000e+02	-6.164565449622809723e+01	-2.734521852366689904e-02
3.360000000000000000e+02	-4.326632178762240244e+01	-2.174066614297080063e-02
3.362500000000000000e+02	-2.859093758206540059e+01	-1.457191640170379943e-02
3.365000000000000000e+02	-1.998304461384070052e+01	-5.275163457772139887e-03
3.367500000000000000e+02	-1.981044611857030091e+01	-2.315728269347869933e-03
3.370000000000000000e+02	-2.708465232228540032e+01	-1.455969403146580021e-02
3.372500000000000000e+02	-3.839930989683750084e+01	-2.226118756296339984e-02
3.375000000000000000e+02	-5.261201516375729881e+01	-3.024936385889840165e-02
3.377500000000000000e+02	-6.742709310021149349e+01	-4.343260590498410068e-02
3.380000000000000000e+02	-8.140896574077250136e+01	-4.857414489624899828e-02
3.382500000000000000e+02	-9.689417788280660204e+01	-6.530411087052999386e-02
3.385000000000000000e+02	-1.127199182629809968e+02	-7.303576177822579396e-02
3.387500000000000000e+02	-1.224558509032400053e+02	-8.264649934991069591e-02
3.390000000000000000e+02	-1.208446131707750055e+02	-7.941437030494200022e-02
3.392500000000000000e+02	-1.094546323330449979e+02	-6.400861156560759546e-02
3.395000000000000000e+02	-9.649515146483820160e+01	-5.745369203759770338e-02
3.397500000000000000e+02	-8.763041440168899499e+01	-5.394726560564799822e-02
3.400000000000000000e+02	-8.377517315869759784e+01	-4.574145277821720090e-02
3.402500000000000000e+02	-8.412688099559379395e+01	-4.012814486193270330e-02
3.405000000000000000e+02	-8.337744643716840187e+01	-3.762393890841719823e-02
3.407500000000000000e+02	-7.573149671635950142e+01	-2.846410559424720002e-02
3.410000000000000000e+02	-6.137207865019249908e+01	-2.664774270046879959e-02
3.412500000000000000e+02	-4.570510783005369859e+01	-2.198704557141159879e-02
3.415000000000000000e+02	-3.632940888349590125e+01	-2.002336210781470102e-02
3.417500000000000000e+02	-3.767724597050820279e+01	-1.331340595830050010e-02
3.420000000000000000e+02	-4.727825842081360008e+01	-2.543879173118230100e-02
3.422500000000000000e+02	-5.957449776456609669e+01	-3.783274853311580088e-02
3.425000000000000000e+02	-6.959731487415180595e+01	-4.385404776377119923e-02
3.427500000000000000e+02	-7.287661309615720029e+01	-4.204464383077800155e-02
3.430000000000000000e+02	-6.839314883290229830e+01	-3.505715108901050203e-02
3.432500000000000000e+02	-5.955845453279729895e+01	-3.713877926878599717e-02
3.435000000000000000e+02	-4.773105031495720141e+01	-2.360505405164670112e-02
3.437500000000000000e+02	-3.081108445850989952e+01	-1.144430636669289958e-02
3.440000000000000000e+02	-1.011326641343550037e+01	5.291144653386719958e-03
3.442500000000000000e+02	7.243935626851370380e+00	1.065473078625489914e-02
3.445000000000000000e+02	1.416262475344339933e+01	2.529126247165449856e-02
3.447500000000000000e+02	1.009917410021830086e+01	2.044894967606359845e-02
3.450000000000000000e+02	1.198059976770339929e+00	1.668527987692949854e-02
3.452500000000000000e+02	-6.380737309001539792e+00	3.550911675325380164e-03
3.455000000000000000e+02	-1.372668497262860043e+01	1.432390988562239900e-04
3.457500000000000000e+02	-2.589399367529799889e+01	-9.585726407761700416e-03
3.460000000000000000e+02	-4.234637796444390290e+01	-2.870794843970040158e-02
3.462500000000000000e+02	-5.860789054069319803e+01	-4.562784203536150024e-02
3.465000000000000000e+02	-7.151223152947200390e+01	-5.366595670650670113e-02
3.467500000000000000e+02	-7.654375605353469325e+01	-6.603102365271970586e-02
3.470000000000000000e+02	-7.076607723876909972e+01	-4.748521941252500239e-02
3.472500000000000000e+02	-5.904625198802629882e+01	-4.179545014847409895e-02
3.475000000000000000e+02	-4.934934102933289779e+01	-3.306256313102250155e-02
3.477500000000000000e+02	-4.655697837235869940e+01	-3.186887773386289785e-02
3.480000000000000000e+02	-5.200883238820890142e+01	-3.231785487941570001e-02
3.482500000000000000e+02	-6.266783965269719658e+01	-4.083477949591660106e-02
3.485000000000000000e+02	-7.333990008382259873e+01	-4.697877989546399985e-02
3.487500000000000000e+02	-7.900528427961360478e+01	-5.178090572745080306e-02
3.490000000000000000e+02	-7.518289312709980265e+01	-4.138171655924720305e-02
3.492500000000000000e+02	-6.543944031983069465e+01	-3.522696154468549917e-02
3.495000000000000000e+02	-6.055454591473559844e+01	-3.786883866678199956e-02
3.497500000000000000e+02	-6.640049523862489878e+01	-3.908449649251610064e-02
3.500000000000000000e+02	-7.853929058329700297e+01	-4.734323393447199824e-02
3.502500000000000000e+02	-8.604942560097839532e+01	-5.322874682903210031e-02
3.505000000000000000e+02	-8.287677031376919956e+01	-4.376832719066869881e-02
3.507500000000000000e+02	-7.283222528168479926e+01	-3.829095439195410316e-02
3.510000000000000000e+02	-6.450224053088770404e+01	-3.172652583278109950e-02
3.512500000000000000e+02	-6.314662515264959808e+01	-2.896845567974670049e-02
3.515000000000000000e+02	-6.429770345103500517e+01	-2.783215281232799890e-02
3.517500000000000000e+02	-6.265915959075189789e+01	-2.810270377630429833e-02
3.520000000000000000e+02	-6.015769382489960293e+01	-2.768532475630959902e-02
3.522500000000000000e+02	-5.692970292295269985e+01	-3.105748986341810153e-02
3.525000000000000000e+02	-5.019159501870719708e+01	-2.114888826340340089e-02
3.527500000000000000e+02	-4.292873283260519912e+01	-1.735366654596439892e-02
3.530000000000000000e+02	-4.195478311483250167e+01	-1.490829659929339933e-02
3.532500000000000000e+02	-4.760492742878540184e+01	-2.982455074837640080e-02
3.535000000000000000e+02	-5.079242680517209863e+01	-2.297742308700089983e-02
3.537500000000000000e+02	-4.599264470640680003e+01	-3.035231486665290052e-02
3.540000000000000000e+02	-4.014770048118639778e+01	-1.850940583330359934e-02
3.542500000000000000e+02	-4.291276131600780275e+01	-2.227845488727400042e-02
3.545000000000000000e+02	-5.338680793802409852e+01	-3.154596988786970146e-02
3.547500000000000000e+02	-6.103629065886730132e+01	-3.847810841694900008e-02
3.550000000000000000e+02	-6.106096443513219896e+01	-3.374274145549630011e-02
3.552500000000000000e+02	-6.118473804579200248e+01	-3.765909198095179766e-02
3.555000000000000000e+02	-7.030669593429969666e+01	-4.105165048127770028e-02
3.557500000000000000e+02	-8.739130858430870319e+01	-5.118940561258709943e-02
3.560000000000000000e+02	-1.049465980330810027e+02	-5.621135637715789918e-02
3.562500000000000000e+02	-1.172958019561209966e+02	-7.185748929631470550e-02
3.565000000000000000e+02	-1.217777510602169997e+02	-6.666775821799270085e-02
3.567500000000000000e+02	-1.201461532625820041e+02	-6.647757000285729745e-02
3.570000000000000000e+02	-1.193620101401239992e+02	-6.568993175395559936e-02
3.572500000000000000e+02	-1.229304430135439929e+02	-6.647473422799160536e-02
3.575000000000000000e+02	-1.257380561870219964e+02	-6.571730809280329488e-02
3.577500000000000000e+02	-1.206768948776939965e+02	-5.129581788866890285e-02
3.580000000000000000e+02	-1.051349014172970016e+02	-4.327352938978829694e-02
3.582500000000000000e+02	-8.456092185139540618e+01	-2.721038807976640037e-02
3.585000000000000000e+02	-6.833592808925320128e+01	-2.423759111343110062e-02
3.587500000000000000e+02	-6.110810404670080231e+01	-2.027916169075410016e-02
3.590000000000000000e+02	-6.267794697436450235e+01	-1.728628745534229946e-02
3.592500000000000000e+02	-7.113779340658840056e+01	-3.150130078807950040e-02
3.595000000000000000e+02	-8.445510456534219657e+01	-3.614802484996820081e-02
3.597500000000000000e+02	-1.007010575139299959e+02	-3.573289041659220150e-02
3.600000000000000000e+02	-1.153743889044509956e+02	-3.458958154578749972e-02
3.602500000000000000e+02	-1.198686104259350031e+02	-4.218350323497450233e-02
3.605000000000000000e+02	-1.096402650751209933e+02	-4.064912127086699883e-02
3.607500000000000000e+02	-8.970663933660590317e+01	-2.800679223187340153e-02
3.610000000000000000e+02	-6.693337085558019339e+01	-2.136037336450880009e-02
3.612500000000000000e+02	-4.779027772086890025e+01	-1.502841700140450029e-02
3.615000000000000000e+02	-3.775285937551179671e+01	-5.556659871264809682e-03
3.617500000000000000e+02	-3.737390083966810295e+01	-1.287018081909379989e-02
3.620000000000000000e+02	-4.390298598592170265e+01	-2.576074175116239984e-02
3.622500000000000000e+02	-5.032592149017249739e+01	-2.386001494758370131e-02
3.625000000000000000e+02	-5.077552042964239831e+01	-2.456886076416439982e-02
3.627500000000000000e+02	-5.031678352758069650e+01	-2.577432423870969908e-02
3.630000000000000000e+02	-5.273589195223029691e+01	-2.133971545769540110e-02
3.632500000000000000e+02	-5.183563644498349987e+01	-2.944844016743420126e-02
3.635000000000000000e+02	-4.815992850779849732e+01	-3.006242643648680130e-02
3.637500000000000000e+02	-5.012930322882869660e+01	-3.007579759264759900e-02
3.640000000000000000e+02	-5.747114391187910343e+01	-2.998543809839450056e-02
3.642500000000000000e+02	-6.325039952423860257e+01	-3.546236735374629773e-02
3.645000000000000000e+02	-6.581640668531019855e+01	-3.884521553792610188e-02
3.647500000000000000e+02	-6.746526365165229322e+01	-3.411206588300880194e-02
3.650000000000000000e+02	-7.075574878646429511e+01	-4.136170504310909823e-02
3.652500000000000000e+02	-7.829249383807839990e+01	-4.889567981039619898e-02
3.655000000000000000e+02	-8.616868692295709309e+01	-4.788989293402690084e-02
3.657500000000000000e+02	-8.727490090814829671e+01	-4.884095250295929919e-02
3.660000000000000000e+02	-8.086168235441670049e+01	-4.518327663918569881e-02
3.662500000000000000e+02	-7.194773755283179639e+01	-3.788873591651269884e-02
3.665000000000000000e+02	-6.604675953490139761e+01	-2.162019575377010019e-02
3.667500000000000000e+02	-6.122508899732400067e+01	-2.745270559739430155e-02
3.670000000000000000e+02	-5.311975794379220162e+01	-2.114756805247049870e-02
3.672500000000000000e+02	-4.625105498790860281e+01	-1.552414628340239959e-02
3.675000000000000000e+02	-4.791101246305210282e+01	-2.185687031842750011e-02
3.677500000000000000e+02	-5.945677113941709990e+01	-2.735058691401090133e-02
3.680000000000000000e+02	-7.543894611240399684e+01	-4.303554228036159807e-02
3.682500000000000000e+02	-8.532503584070070701e+01	-3.841226301362030138e-02
3.685000000000000000e+02	-8.289906281232960339e+01	-4.565771044098940190e-02
3.687500000000000000e+02	-7.388627912654969521e+01	-3.494058020928989677e-02
3.690000000000000000e+02	-6.769357470583609881e+01	-3.132816742247179764e-02
3.692500000000000000e+02	-6.526590142561609298e+01	-2.826057795071150111e-02
3.695000000000000000e+02	-6.146239391641619676e+01	-2.579575527214349878e-02
3.697500000000000000e+02	-5.865233018490739880e+01	-2.633103438169349941e-02
3.700000000000000000e+02	-6.395263267916519823e+01	-2.854022595527149972e-02
3.702500000000000000e+02	-7.499468773978129832e+01	-3.436236299321279719e-02
3.705000000000000000e+02	-8.531075873387369768e+01	-3.465629087739569708e-02
3.707500000000000000e+02	-9.128006037389090466e+01	-3.906436023411320041e-02
3.710000000000000000e+02	-8.922313385441100309e+01	-4.191218310566770244e-02
3.712500000000000000e+02	-7.997519447280720328e+01	-3.640517019146329719e-02
3.715000000000000000e+02	-6.854800432788950104e+01	-1.864064374169459998e-02
3.717500000000000000e+02	-5.887566322418889797e+01	-2.651556587733859896e-02
3.720000000000000000e+02	-5.523724759788539984e+01	-1.389266568311649935e-02
3.722500000000000000e+02	-5.963983946825320004e+01	-2.293984755917969839e-02
3.725000000000000000e+02	-6.732308445916170569e+01	-2.822135078569349906e-02
3.727500000000000000e+02	-7.296285769691459677e+01	-2.980042693728199993e-02
3.730000000000000000e+02	-7.887167525778200172e+01	-3.637106085056619753e-02
3.732500000000000000e+02	-8.792171732453590494e+01	-4.322247412406379774e-02
3.735000000000000000e+02	-9.686717966923130518e+01	-3.433800522838770242e-02
3.737500000000000000e+02	-1.022056902119719979e+02	-3.646036255208370130e-02
3.740000000000000000e+02	-1.015798628611269976e+02	-3.703361011844410328e-02
3.742500000000000000e+02	-9.375081505404089910e+01	-3.136829192528840099e-02
3.745000000000000000e+02	-8.234282429569809381e+01	-2.083438907352699876e-02
3.747500000000000000e+02	-7.344073861962830563e+01	-1.857598665571640051e-02
3.750000000000000000e+02	-6.842367720402789644e+01	-2.248938199624169951e-02
3.752500000000000000e+02	-6.334292265503029995e+01	-2.740273284602690040e-02
3.755000000000000000e+02	-5.586774628691549793e+01	-1.748100055807789988e-02
3.757500000000000000e+02	-4.747646769861700022e+01	-2.003569419608679930e-02
3.760000000000000000e+02	-4.386991305524129814e+01	-1.263795086116759926e-02
3.762500000000000000e+02	-5.548757963566900031e+01	-2.457670218317119931e-02
3.765000000000000000e+02	-8.201536874737260518e+01	-3.704415434923460232e-02
3.767500000000000000e+02	-1.055682659933970058e+02	-5.271047288293349842e-02
3.770000000000000000e+02	-1.127756210604079996e+02	-3.843921028912909710e-02
3.772500000000000000e+02	-1.056461342594519977e+02	-4.436658855453889938e-02
3.775000000000000000e+02	-9.152720819998579316e+01	-3.119335708055710060e-02
3.777500000000000000e+02	-7.647056088351619962e+01	-2.946993297945189882e-02
3.780000000000000000e+02	-6.401557578011909300e+01	-2.645130138188959978e-02
3.782500000000000000e+02	-5.583705023232769804e+01	-2.071045899034370044e-02
3.785000000000000000e+02	-5.166687365058790249e+01	-1.405716738162680023e-02
3.787500000000000000e+02	-4.883428361163110054e+01	-1.994704901468079966e-02
3.790000000000000000e+02	-4.524252564666449672e+01	-1.450313966268410026e-02
3.792500000000000000e+02	-4.114353730411770016e+01	-1.655954892068699918e-02
3.795000000000000000e+02	-3.695411197591160146e+01	-1.596044926623759949e-02
3.797500000000000000e+02	-3.553374222054070231e+01	-2.448035070320149845e-02
3.800000000000000000e+02	-4.175915804489140015e+01	-2.231017739458589916e-02
3.802500000000000000e+02	-5.115348639957459653e+01	-2.946157913863879999e-02
3.805000000000000000e+02	-5.412280317418940001e+01	-3.246304481052490060e-02
3.807500000000000000e+02	-4.835686390258769762e+01	-2.542865029735159876e-02
3.810000000000000000e+02	-3.364431404238950307e+01	-1.403109505112530055e-02
3.812500000000000000e+02	-1.355153707614129921e+01	-4.274588991930280274e-03
3.815000000000000000e+02	-7.622937746494360400e-01	8.412788493134849832e-03
3.817500000000000000e+02	-4.999672400119219873e+00	4.014074851500139783e-03
3.820000000000000000e+02	-2.179364839206060012e+01	-1.784450792762010130e-02
3.822500000000000000e+02	-3.933162320015949831e+01	-2.388742935332980113e-02
3.825000000000000000e+02	-4.810155527842589862e+01	-3.591259178471890162e-02
3.827500000000000000e+02	-4.206069446235880349e+01	-2.853336508709719901e-02
3.830000000000000000e+02	-2.568726290655580158e+01	-4.390581988086749744e-03
3.832500000000000000e+02	-1.562947832732849918e+01	-3.399922742861910107e-03
3.835000000000000000e+02	-2.478833412709110107e+01	-5.804331452513230259e-03
3.837500000000000000e+02	-4.789981030334119794e+01	-2.321066120325719975e-02
3.840000000000000000e+02	-6.875731522083509617e+01	-5.070822472485880111e-02
3.842500000000000000e+02	-7.876977382396360383e+01	-5.218469646650419902e-02
3.845000000000000000e+02	-7.869424504498910267e+01	-5.502640599687459722e-02
3.847500000000000000e+02	-7.227984906102639684e+01	-5.423934430771080312e-02
3.850000000000000000e+02	-6.512066683412639634e+01	-4.600508407438450020e-02
3.852500000000000000e+02	-6.083991380853330355e+01	-4.073938545447720189e-02
3.855000000000000000e+02	-5.957781739868249815e+01	-3.005466727994670142e-02
3.857500000000000000e+02	-6.050189252487999880e+01	-3.586485294614880082e-02
3.860000000000000000e+02	-6.416619587046089634e+01	-3.838492020152749901e-02
3.862500000000000000e+02	-7.363931624416379407e+01	-3.599500087410680005e-02
3.865000000000000000e+02	-8.783496266675959419e+01	-5.235727146217739741e-02
3.867500000000000000e+02	-9.698081346190529928e+01	-5.211035321897149880e-02
3.870000000000000000e+02	-9.186678080751160280e+01	-4.935193924547490174e-02
3.872500000000000000e+02	-7.394201556063059400e+01	-3.767182775367580033e-02
3.875000000000000000e+02	-5.358504541263749843e+01	-2.086532734550190088e-02
3.877500000000000000e+02	-4.145566258060640052e+01	-1.384113190968760086e-02
3.880000000000000000e+02	-4.187447084197420111e+01	-1.878981907946219998e-02
3.882500000000000000e+02	-4.977075108679289883e+01	-2.955032506946700041e-02
3.885000000000000000e+02	-5.523789849033209975e+01	-3.342661730134149911e-02
3.887500000000000000e+02	-5.360312563574009914e+01	-2.214103173850040171e-02
3.890000000000000000e+02	-4.641226365784869756e+01	-1.669360368689919855e-02
3.892500000000000000e+02	-3.607310590225780089e+01	-1.343683676209369952e-02
3.895000000000000000e+02	-2.810584330775120065e+01	-8.759094754895200424e-03
3.897500000000000000e+02	-2.887091886801540142e+01	-1.253064642669459924e-02
3.900000000000000000e+02	-3.314993418003209769e+01	-1.167215286525090032e-02
3.902500000000000000e+02	-3.176066944872859921e+01	-1.861957953421060005e-02
3.905000000000000000e+02	-2.983876679168729851e+01	-1.364849537442009916e-02
3.907500000000000000e+02	-3.840720276745260264e+01	-1.416619945112430022e-02
3.910000000000000000e+02	-5.676224619418120199e+01	-3.091849096508689915e-02
3.912500000000000000e+02	-7.424633056352689664e+01	-4.894231255415060211e-02
3.915000000000000000e+02	-8.297648751263919564e+01	-5.237117053787959664e-02
3.917500000000000000e+02	-8.090201916400799576e+01	-4.371154986173139689e-02
3.920000000000000000e+02	-6.798402078590289932e+01	-4.074085913257190217e-02
3.922500000000000000e+02	-4.896321236002280131e+01	-3.182651331256960286e-02
3.925000000000000000e+02	-3.257448772243439805e+01	-2.069537191462600054e-02
3.927500000000000000e+02	-2.629715024208660168e+01	-7.183501574110410376e-03
3.930000000000000000e+02	-3.437328134207709951e+01	-1.882303680047019839e-02
3.932500000000000000e+02	-5.197925935021189758e+01	-2.724058701781029851e-02
3.935000000000000000e+02	-6.632682431516779786e+01	-4.418962899293230051e-02
3.937500000000000000e+02	-7.081252117831860460e+01	-4.442732420648620034e-02
3.940000000000000000e+02	-6.969853029513410547e+01	-4.550134192515400272e-02
3.942500000000000000e+02	-6.779735990770760168e+01	-3.544363458600249817e-02
3.945000000000000000e+02	-6.499111882602879575e+01	-3.770357437876190043e-02
3.947500000000000000e+02	-6.057148500055839691e+01	-3.400582923315879913e-02
3.950000000000000000e+02	-5.540982366170369744e+01	-2.950583891410479831e-02
3.952500000000000000e+02	-5.011651148588119753e+01	-2.743945160256760010e-02
3.955000000000000000e+02	-4.335330511031889955e+01	-2.081709041572429864e-02
3.957500000000000000e+02	-3.423217052404869776e+01	-1.265575288340409915e-02
3.960000000000000000e+02	-2.609078479642110082e+01	-9.045820037039520312e-03
3.962500000000000000e+02	-2.286610427045539851e+01	-1.506542835539900066e-02
3.965000000000000000e+02	-2.496017611859739915e+01	-1.134811880584369985e-02
3.967500000000000000e+02	-3.092597166967539835e+01	-1.552406933294410082e-02
3.970000000000000000e+02	-4.089790042967079842e+01	-2.448082283441660109e-02
3.972500000000000000e+02	-5.525167689743479826e+01	-2.150508049099969857e-02
3.975000000000000000e+02	-6.897495920256029933e+01	-3.933345867183139777e-02
3.977500000000000000e+02	-7.590236083984069637e+01	-4.911270103253349839e-02
3.980000000000000000e+02	-7.658510562746269557e+01	-4.874558979195239838e-02
3.982500000000000000e+02	-7.645605510335170152e+01	-4.477115156646870042e-02
3.985000000000000000e+02	-8.017706046643509410e+01	-4.486540562588840070e-02
3.987500000000000000e+02	-8.562473103046359313e+01	-5.014765778424609688e-02
3.990000000000000000e+02	-8.256191977994079423e+01	-4.338787241780749787e-02
3.992500000000000000e+02	-6.302323323019059842e+01	-3.586441988658480018e-02
3.995000000000000000e+02	-3.235446932218530236e+01	-1.455020666024360067e-02
3.997500000000000000e+02	-5.383704088398629573e+00	9.082042270847419385e-03
4.000000000000000000e+02	6.981392574734440082e+00	1.605128353520540035e-02
4.002500000000000000e+02	4.054230634011529943e+00	1.951423471862590020e-02
4.005000000000000000e+02	-8.178760829432420110e+00	-1.675400442032090034e-03
4.007500000000000000e+02	-2.251670374025719923e+01	-1.299022411900069979e-02
4.010000000000000000e+02	-3.485943515171199891e+01	-2.131141746576600132e-02
4.012500000000000000e+02	-4.492755215453679796e+01	-2.800862216741580035e-02
4.015000000000000000e+02	-5.360799426686359936e+01	-2.965391584959869986e-02
4.017500000000000000e+02	-6.089368768399410214e+01	-4.335141925855719863e-02
4.020000000000000000e+02	-6.445482809705539751e+01	-3.759660339702280279e-02
4.022500000000000000e+02	-6.535244039317009879e+01	-4.546458198655790178e-02
4.025000000000000000e+02	-7.187367619571389810e+01	-4.070642859079320192e-02
4.027500000000000000e+02	-8.622404860448629904e+01	-5.477616988899639688e-02
4.030000000000000000e+02	-9.883129118354480624e+01	-6.687055514860880401e-02
4.032500000000000000e+02	-1.021811325072389991e+02	-7.169314087026379401e-02
4.035000000000000000e+02	-9.842298468129459366e+01	-6.283458062049990245e-02
4.037500000000000000e+02	-9.225312837488729656e+01	-5.961469710496000024e-02
4.040000000000000000e+02	-8.406590776301419510e+01	-5.610670699957909929e-02
4.042500000000000000e+02	-7.371607924421280700e+01	-3.703681312454720070e-02
4.045000000000000000e+02	-6.410167556862239735e+01	-3.330246146514879990e-02
4.047500000000000000e+02	-5.760829419030630305e+01	-2.690319731474100085e-02
4.050000000000000000e+02	-5.677457841827590102e+01	-2.711956238140479994e-02
4.052500000000000000e+02	-6.547358940066810362e+01	-3.469385521063349936e-02
4.055000000000000000e+02	-8.320896302446340087e+01	-4.375410254421129713e-02
4.057500000000000000e+02	-1.002900349618630003e+02	-5.095970987156060034e-02
4.060000000000000000e+02	-1.040006713002919980e+02	-5.117799627949110031e-02
4.062500000000000000e+02	-9.178983676134029679e+01	-4.311023770313929943e-02
4.065000000000000000e+02	-7.366766173899239334e+01	-3.302536708165040163e-02
4.067500000000000000e+02	-6.149219787026729733e+01	-3.032174929875590050e-02
4.070000000000000000e+02	-5.906383657596740022e+01	-2.325947794063749907e-02
4.072500000000000000e+02	-6.315403622837669673e+01	-2.675581211938839882e-02
4.075000000000000000e+02	-6.959938043014990683e+01	-2.887929322819220157e-02
4.077500000000000000e+02	-7.270102192823920007e+01	-4.128945678773360273e-02
4.080000000000000000e+02	-6.603965927024019322e+01	-2.653801164912900079e-02
4.082500000000000000e+02	-5.299780931701670283e+01	-1.988367227796779962e-02
4.085000000000000000e+02	-4.428304558081450182e+01	-1.842631713711229829e-02
4.087500000000000000e+02	-4.143338097120800256e+01	-1.354845661248780045e-02
4.090000000000000000e+02	-3.788875764969319704e+01	-1.654210396168809966e-02
4.092500000000000000e+02	-3.156654306092490003e+01	-1.525262466550779926e-02
4.095000000000000000e+02	-2.716217526336490096e+01	-6.583410248437699709e-03
4.097500000000000000e+02	-3.032481863183269866e+01	-1.094557583532690045e-02
4.100000000000000000e+02	-4.152166703554549798e+01	-2.510194614886979841e-02
4.102500000000000000e+02	-5.638915414601569864e+01	-3.358447069805080287e-02
4.105000000000000000e+02	-7.095565703488229303e+01	-4.598309625352319657e-02
4.107500000000000000e+02	-8.421909668790630121e+01	-4.997151613172200191e-02
4.110000000000000000e+02	-9.762637720214330272e+01	-5.932105281714539907e-02
4.112500000000000000e+02	-1.092069561479229947e+02	-6.857078994754539636e-02
4.115000000000000000e+02	-1.119309292981049992e+02	-6.785950598208269346e-02
4.117500000000000000e+02	-1.045951549677999992e+02	-6.329938830807489702e-02
4.120000000000000000e+02	-9.279624897389389560e+01	-4.449028743652150286e-02
4.122500000000000000e+02	-7.888196294144970011e+01	-3.731152066722349947e-02
4.125000000000000000e+02	-6.335709334969750017e+01	-2.221005620917020085e-02
4.127500000000000000e+02	-5.158461717465340257e+01	-2.583500659672680055e-02
4.130000000000000000e+02	-4.782056313730299735e+01	-2.045156948939640118e-02
4.132500000000000000e+02	-4.774461142203009700e+01	-2.400667940626249885e-02
4.135000000000000000e+02	-4.783772613307490218e+01	-2.495691021275130150e-02
4.137500000000000000e+02	-5.179214739503839837e+01	-3.368871490496620075e-02
4.140000000000000000e+02	-6.151436955801990081e+01	-3.570098286780949703e-02
4.142500000000000000e+02	-7.398547274675300400e+01	-3.618867801209169760e-02
4.145000000000000000e+02	-8.615249326436540400e+01	-5.563160552926139923e-02
4.147500000000000000e+02	-9.539791428289720443e+01	-4.120803460062739954e-02
4.150000000000000000e+02	-9.839665278129240278e+01	-5.039202801927839676e-02
4.152500000000000000e+02	-9.310565123568379420e+01	-4.545531141860079810e-02
4.155000000000000000e+02	-8.094571733074009501e+01	-3.310672914602470068e-02
4.157500000000000000e+02	-6.650905255294530605e+01	-2.831833800554010155e-02
4.160000000000000000e+02	-5.600010573018899862e+01	-3.107393671669930052e-02
4.162500000000000000e+02	-5.177762631896670342e+01	-2.701845708605130070e-02
4.165000000000000000e+02	-4.832507107198320284e+01	-2.095939337370290173e-02
4.167500000000000000e+02	-4.086404969502900286e+01	-1.542207290387759971e-02
4.170000000000000000e+02	-3.224350367257689953e+01	-1.362959292817430071e-02
4.172500000000000000e+02	-2.892927876025429867e+01	-1.945994322541549915e-02
4.175000000000000000e+02	-3.804721599096269813e+01	-2.290356951285769938e-02
4.177500000000000000e+02	-6.043255230984649984e+01	-3.398582491663400262e-02
4.180000000000000000e+02	-8.533033441777209305e+01	-5.590545469131009970e-02
4.182500000000000000e+02	-1.033348029955370038e+02	-5.682077661596150048e-02
4.185000000000000000e+02	-1.126976562797139962e+02	-6.469738205350969440e-02
4.187500000000000000e+02	-1.089128080437100010e+02	-6.095780866446749713e-02
4.190000000000000000e+02	-8.693619257148469615e+01	-3.958560078662790027e-02
4.192500000000000000e+02	-5.257161818812549825e+01	-2.748341506565470105e-02
4.195000000000000000e+02	-2.135359214124019900e+01	-4.330171960639599832e-03
4.197500000000000000e+02	-6.483422471673610410e+00	5.299387657189060137e-03
4.200000000000000000e+02	-1.062629616875289962e+01	5.482835217803789900e-03
4.202500000000000000e+02	-2.658175110765740001e+01	-1.510229142919660046e-02
4.205000000000000000e+02	-4.197771003832480119e+01	-2.601593425316079886e-02
4.207500000000000000e+02	-4.690380459886900155e+01	-2.563172107340199943e-02
4.210000000000000000e+02	-4.107348831631279751e+01	-2.569631509433289995e-02
4.212500000000000000e+02	-3.379972813760330297e+01	-3.040342611005230136e-02
4.215000000000000000e+02	-3.228133850166440055e+01	-1.798823223669970134e-02
4.217500000000000000e+02	-3.503040900740270303e+01	-2.596892489191989992e-02
4.220000000000000000e+02	-3.960477794493419879e+01	-2.221515489825190079e-02
4.222500000000000000e+02	-4.602368179938339665e+01	-2.287445251836110055e-02
4.225000000000000000e+02	-5.520226494438239939e+01	-3.920677636005970301e-02
4.227500000000000000e+02	-6.727776626713649932e+01	-4.242359289170399839e-02
4.230000000000000000e+02	-7.845644824478229395e+01	-5.560471362509839671e-02
4.232500000000000000e+02	-8.319963963635889570e+01	-6.061098944097850078e-02
4.235000000000000000e+02	-8.105852885420040366e+01	-4.671137271107819733e-02
4.237500000000000000e+02	-7.655782890798920448e+01	-5.109938106284819814e-02
4.240000000000000000e+02	-7.429620674425609650e+01	-2.522694523608439918e-02
4.242500000000000000e+02	-7.567667836488350019e+01	-4.941932247455989996e-02
4.245000000000000000e+02	-7.499662187420530302e+01	-3.828320259002140208e-02
4.247500000000000000e+02	-6.647891208334789326e+01	-2.943881496985949892e-02
4.250000000000000000e+02	-5.279551795931629954e+01	-3.414754245530530335e-02
4.252500000000000000e+02	-3.751331458852420297e+01	-1.443521653339709977e-02
4.255000000000000000e+02	-2.106480748853480023e+01	-7.440786272572530100e-03
4.257500000000000000e+02	-6.056468306474759977e+00	4.649687943779569690e-03
4.260000000000000000e+02	-7.117709211383810297e-01	1.847184591264100159e-02
4.262500000000000000e+02	-1.487582441392449972e+01	-3.660711293756990174e-03
4.265000000000000000e+02	-4.651233227691759708e+01	-1.975053145677210104e-02
4.267500000000000000e+02	-7.831914901832260512e+01	-6.085024041490640079e-02
4.270000000000000000e+02	-9.479860002457620283e+01	-6.082236530503890015e-02
4.272500000000000000e+02	-9.492961325821619312e+01	-6.877712285642219314e-02
4.275000000000000000e+02	-8.560247633095809761e+01	-5.547792945987829738e-02
4.277500000000000000e+02	-7.160303471457589808e+01	-4.472634077041989786e-02
4.280000000000000000e+02	-5.768780083024029892e+01	-3.989702902220360059e-02
4.282500000000000000e+02	-5.460513133099080108e+01	-3.087651962589560081e-02
4.285000000000000000e+02	-6.859304446786080689e+01	-3.680948658199249823e-02
4.287500000000000000e+02	-9.083873902167809433e+01	-5.291692959642289862e-02
4.290000000000000000e+02	-1.072536181164889939e+02	-6.604620914290559863e-02
4.292500000000000000e+02	-1.091720670652450025e+02	-5.634835016763140025e-02
4.295000000000000000e+02	-9.775278830842749755e+01	-4.598054418840190338e-02
4.297500000000000000e+02	-8.150950977111399709e+01	-4.213219757557470219e-02
4.300000000000000000e+02	-6.688428444354370583e+01	-2.522253038433869970e-02
4.302500000000000000e+02	-5.629675888637380154e+01	-2.774359712595710070e-02
4.305000000000000000e+02	-5.235379049758689973e+01	-2.674509045521060099e-02
4.307500000000000000e+02	-5.624052964724390336e+01	-2.749033111932699947e-02
4.310000000000000000e+02	-6.489818446627990056e+01	-3.160830438618689869e-02
4.312500000000000000e+02	-7.361228070058029971e+01	-3.466187251372179756e-02
4.315000000000000000e+02	-7.778113845055329989e+01	-3.910347486880019763e-02
4.317500000000000000e+02	-7.458651178597639841e+01	-4.360919986074730109e-02
4.320000000000000000e+02	-6.562085932862430582e+01	-3.344044139216949957e-02
4.322500000000000000e+02	-5.701626616990630225e+01	-2.273710268828720016e-02
4.325000000000000000e+02	-5.642406879913880147e+01	-2.100112985134969940e-02
4.327500000000000000e+02	-6.674519433201119512e+01	-2.522559078929960050e-02
4.330000000000000000e+02	-8.177127429574059647e+01	-4.031774246732539729e-02
4.332500000000000000e+02	-8.897440443190480153e+01	-4.226123172923770127e-02
4.335000000000000000e+02	-8.173362798792770434e+01	-3.943709112822069845e-02
4.337500000000000000e+02	-6.738817805785819814e+01	-2.194816724306039926e-02
4.340000000000000000e+02	-5.769128456251319648e+01	-2.590189912768419908e-02
4.342500000000000000e+02	-5.701054153428820115e+01	-1.889590861693849974e-02
4.345000000000000000e+02	-6.116251364444639904e+01	-2.650593938011610098e-02
4.347500000000000000e+02	-6.465060564989690306e+01	-2.050133162126169944e-02
4.350000000000000000e+02	-6.687914819077019501e+01	-3.105929544891379915e-02
4.352500000000000000e+02	-6.799764636509030424e+01	-2.941789345558830024e-02
4.355000000000000000e+02	-6.594589236785509456e+01	-2.890471804323940103e-02
4.357500000000000000e+02	-6.128009854499150322e+01	-2.623479338698880142e-02
4.360000000000000000e+02	-5.810651888249000052e+01	-2.464565328067660002e-02
4.362500000000000000e+02	-5.867609803415489722e+01	-2.863558949012580054e-02
4.365000000000000000e+02	-6.035264169052310024e+01	-2.395353710311269937e-02
4.367500000000000000e+02	-6.081400355175060213e+01	-2.493849968620409988e-02
4.370000000000000000e+02	-6.116762006911640270e+01	-3.127012322426270252e-02
4.372500000000000000e+02	-5.974286550760260184e+01	-2.764456798429909892e-02
4.375000000000000000e+02	-5.271467662352829819e+01	-2.445004287836039999e-02
4.377500000000000000e+02	-4.384828569666969855e+01	-2.156535427217489906e-02
4.380000000000000000e+02	-4.016267303138560152e+01	-2.136930960665479884e-02
4.382500000000000000e+02	-4.220600902930860343e+01	-1.976984945570890023e-02
4.385000000000000000e+02	-4.862068308722739829e+01	-3.258109948978730325e-02
4.387500000000000000e+02	-5.790424221380710179e+01	-2.701284113211799981e-02
4.390000000000000000e+02	-6.608510157198820423e+01	-3.703697698246800202e-02
4.392500000000000000e+02	-7.111543757955409717e+01	-4.741521059780159919e-02
4.395000000000000000e+02	-7.497363326330899724e+01	-3.808668144497569935e-02
4.397500000000000000e+02	-7.694335217865770460e+01	-4.279565947549589938e-02
4.400000000000000000e+02	-7.001998313870859647e+01	-4.204420037966669771e-02
4.402500000000000000e+02	-5.347196590109670211e+01	-2.542024528142729917e-02
4.405000000000000000e+02	-3.742674065929050187e+01	-1.784196846965980035e-02
4.407500000000000000e+02	-3.048261986711520066e+01	-2.154198845293149936e-02
4.410000000000000000e+02	-3.467796109674399929e+01	-1.890423529656029902e-02
4.412500000000000000e+02	-4.602668683522720272e+01	-2.534361340774779828e-02
4.415000000000000000e+02	-5.565526188080549730e+01	-3.453680219351289854e-02
4.417500000000000000e+02	-5.518653201249180285e+01	-2.739288911888599840e-02
4.420000000000000000e+02	-4.481089284419800123e+01	-2.490799994164859948e-02
4.422500000000000000e+02	-3.596520635918000153e+01	-1.951887743231099995e-02
4.425000000000000000e+02	-3.934446773377940332e+01	-1.983496905822600131e-02
4.427500000000000000e+02	-5.296411366174599777e+01	-2.863646775770959871e-02
4.430000000000000000e+02	-6.546583563392499627e+01	-4.004180035532420301e-02
4.432500000000000000e+02	-6.767084823088970325e+01	-4.312971365797710344e-02
4.435000000000000000e+02	-5.987099376615280022e+01	-3.731840317325219730e-02
4.437500000000000000e+02	-5.068839298203300103e+01	-3.399821361288209859e-02
4.440000000000000000e+02	-4.950064506168820344e+01	-3.009159402660889840e-02
4.442500000000000000e+02	-5.815489590191940295e+01	-3.888805920141599759e-02
4.445000000000000000e+02	-7.131240149424479569e+01	-3.981057501274570115e-02
4.447500000000000000e+02	-8.079691022137490108e+01	-5.328535575629159832e-02
4.450000000000000000e+02	-7.870300296782289706e+01	-4.146550095547549969e-02
4.452500000000000000e+02	-6.430982315054450282e+01	-3.033486843817799830e-02
4.455000000000000000e+02	-4.805377863567579766e+01	-2.198723792919609829e-02
4.457500000000000000e+02	-4.161850406615290154e+01	-2.802689255996599835e-02
4.460000000000000000e+02	-4.591683878326750090e+01	-2.494707483512489943e-02
4.462500000000000000e+02	-5.537904463942280131e+01	-3.002107882813129930e-02
4.465000000000000000e+02	-6.590585323419719543e+01	-3.161274732137509674e-02
4.467500000000000000e+02	-7.531926989196290378e+01	-3.977510372953189932e-02
4.470000000000000000e+02	-8.431292457617749392e+01	-4.888396055075149710e-02
4.472500000000000000e+02	-9.401067648029440704e+01	-4.453538099601449946e-02
4.475000000000000000e+02	-1.027268785149030066e+02	-5.833849931473770317e-02
4.477500000000000000e+02	-1.083296656764070036e+02	-5.482283778958130238e-02
4.480000000000000000e+02	-1.118185923004679978e+02	-5.726754570424669871e-02
4.482500000000000000e+02	-1.152363769744199971e+02	-5.648413545131070190e-02
4.485000000000000000e+02	-1.142821536218010010e+02	-5.034317500513250249e-02
4.487500000000000000e+02	-1.051027477802900023e+02	-4.239457685092989925e-02
4.490000000000000000e+02	-9.687799105971750180e+01	-4.766601087067959958e-02
4.492500000000000000e+02	-9.701401249527839354e+01	-4.212241763950060058e-02
4.495000000000000000e+02	-9.611165686356889637e+01	-3.465821376509659740e-02
4.497500000000000000e+02	-8.475965593827069711e+01	-2.452441385633990015e-02
4.500000000000000000e+02	-6.428798306872279511e+01	-2.206822317210129988e-02
4.502500000000000000e+02	-3.987069947365760214e+01	-1.542877788814340026e-02
4.505000000000000000e+02	-2.006158703482099881e+01	-6.216442540198540388e-03
4.507500000000000000e+02	-1.293165494875860055e+01	5.487673821259839851e-05
4.510000000000000000e+02	-1.800185336525229829e+01	-3.303662329017990115e-03
4.512500000000000000e+02	-2.779687508814750174e+01	-1.176592097029189980e-02
4.515000000000000000e+02	-3.645555006065330161e+01	-1.721419139097180029e-02
4.517500000000000000e+02	-4.317453666870910212e+01	-2.539523911969290143e-02
4.520000000000000000e+02	-4.807592061384509918e+01	-3.035292107933650063e-02
4.522500000000000000e+02	-5.205329627660260172e+01	-3.150947169358629674e-02
4.525000000000000000e+02	-5.612615697197929876e+01	-4.457502653181540098e-02
4.527500000000000000e+02	-5.884849006876810051e+01	-3.792927812686380101e-02
4.530000000000000000e+02	-5.867083150346599751e+01	-3.275462216686410299e-02
4.532500000000000000e+02	-5.538553334110039827e+01	-4.065356766502330188e-02
4.535000000000000000e+02	-5.014444217451700325e+01	-2.746790525366659894e-02
4.537500000000000000e+02	-4.746746015481190284e+01	-2.957172914210659878e-02
4.540000000000000000e+02	-5.206239945994550311e+01	-3.129161202136759856e-02
4.542500000000000000e+02	-6.323261120495679677e+01	-3.579493074409940273e-02
4.545000000000000000e+02	-7.707325451888229395e+01	-4.533533921395759697e-02
4.547500000000000000e+02	-8.822079444816050398e+01	-5.514607129461059770e-02
4.550000000000000000e+02	-9.129980687213709700e+01	-5.178981010987959710e-02
4.552500000000000000e+02	-8.378837430121279795e+01	-5.658796138323340247e-02
4.555000000000000000e+02	-6.875294655316059789e+01	-3.653750302419510321e-02
4.557500000000000000e+02	-5.438777292911839822e+01	-3.288326320875240016e-02
4.560000000000000000e+02	-4.516632429565329687e+01	-2.503821002377050117e-02
4.562500000000000000e+02	-4.188713564825879843e+01	-2.018203668201800152e-02
4.565000000000000000e+02	-4.597589144496770075e+01	-2.574532644676140111e-02
4.567500000000000000e+02	-5.587657755362319989e+01	-3.262004799139180122e-02
4.570000000000000000e+02	-6.908659190840430142e+01	-3.753822196455169902e-02
4.572500000000000000e+02	-8.330180365928450215e+01	-4.501526354528950086e-02
4.575000000000000000e+02	-9.144947920362270111e+01	-4.771535811885740247e-02
4.577500000000000000e+02	-8.747552792523769938e+01	-4.450143193507349881e-02
4.580000000000000000e+02	-7.493451918524600330e+01	-4.524588491560539716e-02
4.582500000000000000e+02	-6.319053410256780268e+01	-3.423660231854930291e-02
4.585000000000000000e+02	-5.671093062857949718e+01	-3.104404887313329947e-02
4.587500000000000000e+02	-4.968024638588200048e+01	-2.699262692585250104e-02
4.590000000000000000e+02	-3.649184421815949975e+01	-9.118472717188840296e-03
4.592500000000000000e+02	-2.280011311098009941e+01	-1.075068769321580082e-02
4.595000000000000000e+02	-1.676981742025819955e+01	-3.016604479686860098e-03
4.597500000000000000e+02	-1.841827790660749997e+01	2.260633947344050168e-03
4.600000000000000000e+02	-2.520780132192270173e+01	-1.443288897186919932e-02
4.602500000000000000e+02	-3.473129279194869667e+01	-1.495718573568649915e-02
4.605000000000000000e+02	-4.141715356890569666e+01	-2.809209850537679881e-02
4.607500000000000000e+02	-4.396082782434349667e+01	-2.089400341609560022e-02
4.610000000000000000e+02	-4.604189312631719844e+01	-1.967517397320309863e-02
4.612500000000000000e+02	-4.651203512775450122e+01	-2.322942715761050145e-02
4.615000000000000000e+02	-4.410757545996359852e+01	-2.478072351722319933e-02
4.617500000000000000e+02	-4.204059636961429902e+01	-3.144594641051270262e-02
4.620000000000000000e+02	-4.178994705476600302e+01	-2.234580066748029920e-02
4.622500000000000000e+02	-4.352736816910559980e+01	-2.636454084402200040e-02
4.625000000000000000e+02	-4.748815662805449733e+01	-3.049737088297239940e-02
4.627500000000000000e+02	-5.511092066037050330e+01	-3.032291280120300025e-02
4.630000000000000000e+02	-6.708313966023590069e+01	-4.088862008610880117e-02
4.632500000000000000e+02	-7.654636247675350091e+01	-4.817922042833999718e-02
4.635000000000000000e+02	-7.728938233038560668e+01	-4.244103302932979854e-02
4.637500000000000000e+02	-7.074895577909390454e+01	-3.939312934370890057e-02
4.640000000000000000e+02	-5.935110826922529981e+01	-2.799030480452370170e-02
4.642500000000000000e+02	-4.635287196757919759e+01	-2.778729959164550137e-02
4.645000000000000000e+02	-3.611349227199679746e+01	-2.161195321656950163e-02
4.647500000000000000e+02	-3.179342318682099844e+01	-1.662189641115159947e-02
4.650000000000000000e+02	-3.487994416981270263e+01	-2.051651835928899881e-02
4.652500000000000000e+02	-4.109740561350029964e+01	-2.960623762910639944e-02
4.655000000000000000e+02	-4.125653496302309975e+01	-2.102936000758130058e-02
4.657500000000000000e+02	-3.086687668622050040e+01	-1.664100358838890154e-02
4.660000000000000000e+02	-1.721096836503760130e+01	-9.344248666360070732e-03
4.662500000000000000e+02	-1.071592110063289915e+01	1.141941909019979998e-03
4.665000000000000000e+02	-1.026557533707370062e+01	3.945329908490720176e-04
4.667500000000000000e+02	-8.973118531306420564e+00	9.463137693716020329e-03
4.670000000000000000e+02	-7.539465520961499578e+00	3.256343291287870211e-03
4.672500000000000000e+02	-8.815978533961830621e+00	4.805943678338740234e-03
4.675000000000000000e+02	-9.792820889274299390e+00	8.412901446755459423e-03
4.677500000000000000e+02	-7.632376544055749612e+00	8.118077311208100541e-03
4.680000000000000000e+02	-6.234975768078999891e+00	1.597982026144249834e-02
4.682500000000000000e+02	-1.164145258132779936e+01	-6.105785979713060103e-04
4.685000000000000000e+02	-2.496672011846330008e+01	-7.162557912810259622e-03
4.687500000000000000e+02	-4.376431300610359898e+01	-1.747726040970919853e-02
4.690000000000000000e+02	-6.460480825988379650e+01	-4.145192949567109986e-02
4.692500000000000000e+02	-8.254013081219849823e+01	-5.014036270353700031e-02
4.695000000000000000e+02	-9.333179348259180586e+01	-5.924717677850840220e-02
4.697500000000000000e+02	-9.504185579959370500e+01	-7.366786571554630181e-02
4.700000000000000000e+02	-8.766412344495910247e+01	-5.932093959009329676e-02
4.702500000000000000e+02	-7.499195414896880152e+01	-5.498744282850349940e-02
4.705000000000000000e+02	-6.423017725179740012e+01	-3.826850468586200094e-02
4.707500000000000000e+02	-6.165782346002580283e+01	-3.591030837658300279e-02
4.710000000000000000e+02	-6.746847019629849740e+01	-2.835124078113019849e-02
4.712500000000000000e+02	-7.550457995414180346e+01	-5.046181123735819785e-02
4.715000000000000000e+02	-8.101122937338300289e+01	-4.637042952769550308e-02
4.717500000000000000e+02	-8.279249723310890374e+01	-4.385617061749769868e-02
4.720000000000000000e+02	-7.936904480517419813e+01	-4.207095138667039935e-02
4.722500000000000000e+02	-7.118453174517020443e+01	-4.291950215993099726e-02
4.725000000000000000e+02	-6.309782094167930211e+01	-3.062210550676969928e-02
4.727500000000000000e+02	-5.873014539570319670e+01	-2.918451561786249843e-02
4.730000000000000000e+02	-5.488562296630350090e+01	-3.633337096432560226e-02
4.732500000000000000e+02	-4.895961165319840092e+01	-2.341958874196140017e-02
4.735000000000000000e+02	-4.408314093236400311e+01	-2.552211068774000099e-02
4.737500000000000000e+02	-4.118408085807720198e+01	-2.399028357423440075e-02
4.740000000000000000e+02	-3.910741329162860325e+01	-1.246202049219160071e-02
4.742500000000000000e+02	-4.061105534491839819e+01	-2.265076331403259938e-02
4.745000000000000000e+02	-4.956203284548419674e+01	-2.501766455402370040e-02
4.747500000000000000e+02	-6.616775868283220063e+01	-3.123053701471070059e-02
4.750000000000000000e+02	-8.467268116235129582e+01	-4.693985017329280196e-02
4.752500000000000000e+02	-9.505807918235740317e+01	-6.242706539652440045e-02
4.755000000000000000e+02	-9.162903495229190298e+01	-5.227799430820249948e-02
4.757500000000000000e+02	-8.233208006316749561e+01	-4.369797801428809692e-02
4.760000000000000000e+02	-8.316749709712800609e+01	-4.334457431748849759e-02
4.762500000000000000e+02	-9.597352616596569419e+01	-4.428567875522299718e-02
4.765000000000000000e+02	-1.034220401377450003e+02	-4.672758667233300328e-02
4.767500000000000000e+02	-9.348590658367949402e+01	-4.522973022580439872e-02
4.770000000000000000e+02	-7.484711760835639893e+01	-2.877072159765960147e-02
4.772500000000000000e+02	-6.361489465298470236e+01	-2.950231503282100057e-02
4.775000000000000000e+02	-6.445525183306939709e+01	-2.702823047975580137e-02
4.777500000000000000e+02	-7.257536772143960491e+01	-3.060709953102859829e-02
4.780000000000000000e+02	-8.414188401786549321e+01	-3.189017016916580183e-02
4.782500000000000000e+02	-9.328196671520349526e+01	-4.482885174169180115e-02
4.785000000000000000e+02	-9.261060715988209324e+01	-4.951419337714640240e-02
4.787500000000000000e+02	-8.025986406100039972e+01	-2.852984759636530143e-02
4.790000000000000000e+02	-5.739205766434729838e+01	-3.089997930067460083e-02
4.792500000000000000e+02	-2.922184258359979836e+01	-6.674806107330430276e-03
4.795000000000000000e+02	-1.040932105164979937e+01	1.212225273340540024e-03
4.797500000000000000e+02	-1.341898781478790070e+01	8.729708885182999901e-04
4.800000000000000000e+02	-3.317679492450240275e+01	-1.530435615382200014e-02
4.802500000000000000e+02	-5.249304445322439960e+01	-2.958801585194989828e-02
4.805000000000000000e+02	-6.030107079711550000e+01	-3.308528624841389904e-02
4.807500000000000000e+02	-5.928214498981559899e+01	-3.523497858334519867e-02
4.810000000000000000e+02	-5.535628531952980325e+01	-3.101768907968070060e-02
4.812500000000000000e+02	-5.171027110583550268e+01	-2.356808205441759951e-02
4.815000000000000000e+02	-5.152735149040830009e+01	-2.984441322973389876e-02
4.817500000000000000e+02	-5.578400203928870127e+01	-3.510876215496969849e-02
4.820000000000000000e+02	-6.443172572906240703e+01	-2.543079290833189995e-02
4.822500000000000000e+02	-7.807726629607100222e+01	-4.391687846080479657e-02
4.825000000000000000e+02	-9.390227201072150365e+01	-5.520573500102549797e-02
4.827500000000000000e+02	-1.050283181820200014e+02	-5.404582315155299910e-02
4.830000000000000000e+02	-1.060083032228079958e+02	-6.507150497412690637e-02
4.832500000000000000e+02	-9.989532862089970422e+01	-5.392246410638169840e-02
4.835000000000000000e+02	-9.629162696634459451e+01	-4.834250257067280315e-02
4.837500000000000000e+02	-9.982104945076669367e+01	-5.104135271083100334e-02
4.840000000000000000e+02	-1.073837669342999988e+02	-4.649470227786910159e-02
4.842500000000000000e+02	-1.145677585873779947e+02	-5.383803681703919902e-02
4.845000000000000000e+02	-1.178416866769079974e+02	-5.506819702774849723e-02
4.847500000000000000e+02	-1.134179006632920022e+02	-4.865493259465000081e-02
4.850000000000000000e+02	-9.775985208656250336e+01	-4.018110673574160074e-02
4.852500000000000000e+02	-7.225598535480709472e+01	-2.940247629216830028e-02
4.855000000000000000e+02	-4.689417102766390144e+01	-1.299320815111230064e-02
4.857500000000000000e+02	-3.455244459492959663e+01	-1.028542760890890050e-02
4.860000000000000000e+02	-4.055079751253899900e+01	-2.297438444423620038e-02
4.862500000000000000e+02	-5.865838519066819856e+01	-2.659220673100280014e-02
4.865000000000000000e+02	-7.668246272930680618e+01	-3.156558271754769662e-02
4.867500000000000000e+02	-8.638524569911299977e+01	-4.541086090817020304e-02
4.870000000000000000e+02	-8.756747180111919704e+01	-4.210539704375750036e-02
4.872500000000000000e+02	-8.327483989707400269e+01	-4.053259917548770325e-02
4.875000000000000000e+02	-7.644923479176759429e+01	-3.457391877232630223e-02
4.877500000000000000e+02	-6.851195159470310614e+01	-3.665958028407109714e-02
4.880000000000000000e+02	-5.767023821517369697e+01	-2.182717209061950034e-02
4.882500000000000000e+02	-4.626415065746800082e+01	-1.553788738948779988e-02
4.885000000000000000e+02	-4.219754646271039888e+01	-1.994739185441229967e-02
4.887500000000000000e+02	-4.702868406685860236e+01	-1.655064143941830171e-02
4.890000000000000000e+02	-5.680602811063329938e+01	-2.913717403055090041e-02
4.892500000000000000e+02	-6.914984135438450608e+01	-3.774661733699490040e-02
4.895000000000000000e+02	-8.246230499742530640e+01	-4.874969057734670347e-02
4.897500000000000000e+02	-9.565722655141070163e+01	-3.936460182617140119e-02
4.900000000000000000e+02	-1.062659734235100046e+02	-5.080106095108150033e-02
4.902500000000000000e+02	-1.101397148811259967e+02	-5.372948237286669787e-02
4.905000000000000000e+02	-1.061987907594029963e+02	-4.959743699842349834e-02
4.907500000000000000e+02	-9.869016489099379896e+01	-4.042902100221829748e-02
4.910000000000000000e+02	-9.271247490265119495e+01	-3.416577785781470256e-02
4.912500000000000000e+02	-8.754723854021810325e+01	-3.549185912538389831e-02
4.915000000000000000e+02	-7.852075620323709870e+01	-2.956879664573090066e-02
4.917500000000000000e+02	-6.823480331292469714e+01	-1.921390934341200146e-02
4.920000000000000000e+02	-6.886541525389110063e+01	-2.561026247293540087e-02
4.922500000000000000e+02	-8.390339552725049543e+01	-3.071028635961529918e-02
4.925000000000000000e+02	-1.015755354894530029e+02	-4.291338544854859938e-02
4.927500000000000000e+02	-1.135671063772419984e+02	-3.922927392050030299e-02
4.930000000000000000e+02	-1.197296125366350026e+02	-3.452802348756899703e-02
4.932500000000000000e+02	-1.194285181638660021e+02	-3.726428073263769736e-02
4.935000000000000000e+02	-1.125046625197600036e+02	-2.516576804195460107e-02
4.937500000000000000e+02	-1.017533134689739995e+02	-2.208118898576999847e-02
4.940000000000000000e+02	-9.280621044600890457e+01	-2.284026263814190050e-02
4.942500000000000000e+02	-9.020071003205769955e+01	-2.012377223544530025e-02
4.945000000000000000e+02	-9.264674830629719793e+01	-1.508199599789599929e-02
4.947500000000000000e+02	-9.609748925488629823e+01	-1.564035778250569969e-02
4.950000000000000000e+02	-9.916532390879629588e+01	-2.060306982777130105e-02
4.952500000000000000e+02	-1.004653654778779952e+02	-1.852979820793679983e-02
4.955000000000000000e+02	-9.641633501593329925e+01	-2.194821165011930086e-02
4.957500000000000000e+02	-8.763405958883019764e+01	-2.016859586897550016e-02
4.960000000000000000e+02	-7.776546993965439469e+01	-1.103481968781500067e-02
4.962500000000000000e+02	-6.740840904854630367e+01	-1.092671931558700064e-02
4.965000000000000000e+02	-5.619579680342550176e+01	-1.022977720654799985e-02
4.967500000000000000e+02	-4.745054071655520289e+01	-1.446267026339720027e-02
4.970000000000000000e+02	-4.502871968446810058e+01	-1.911921309736029986e-02
4.972500000000000000e+02	-4.432203449461309930e+01	-7.537701563304460319e-03
4.975000000000000000e+02	-3.970692977857800088e+01	-1.171157138989130028e-02
4.977500000000000000e+02	-3.661454027984220261e+01	-1.317009361375530083e-02
4.980000000000000000e+02	-4.169180680550250173e+01	-9.591055361960669143e-03
4.982500000000000000e+02	-5.171487478325330045e+01	-2.326860359651870130e-02
4.985000000000000000e+02	-5.903773965323559736e+01	-3.002768857367489955e-02
4.987500000000000000e+02	-6.132068241283509735e+01	-3.030266792516870047e-02
4.990000000000000000e+02	-5.908872673062410286e+01	-2.893282138049249955e-02
4.992500000000000000e+02	-4.999104245908880273e+01	-2.167770271424599923e-02
4.995000000000000000e+02	-3.517100517094220180e+01	-1.229143745966529942e-02
4.997500000000000000e+02	-2.098676159576940137e+01	-5.752030561510949706e-03
5.000000000000000000e+02	-1.341780863462170004e+01	2.293861839785799831e-03
5.002500000000000000e+02	-1.830886944195290056e+01	-5.520592789397670008e-03
5.005000000000000000e+02	-3.961325825048719906e+01	-2.156754017815660021e-02
5.007500000000000000e+02	-7.057912816019519653e+01	-4.894783216529510067e-02
5.010000000000000000e+02	-9.349488222571800122e+01	-6.874074145375790035e-02
5.012500000000000000e+02	-9.750899872219369513e+01	-5.714235744227590119e-02
5.015000000000000000e+02	-8.617807986464769954e+01	-4.669176334336320316e-02
5.017500000000000000e+02	-6.514786862416549695e+01	-3.860417097441799783e-02
5.020000000000000000e+02	-4.191591238908920047e+01	-2.441915468921899979e-02
5.022500000000000000e+02	-2.825227054066159837e+01	-1.329444803082600012e-02
5.025000000000000000e+02	-2.898219065036920128e+01	-1.714766702336930140e-02
5.027500000000000000e+02	-4.009417448239270243e+01	-2.703650522853690008e-02
5.030000000000000000e+02	-5.510268926245409915e+01	-3.703829695381109788e-02
5.032500000000000000e+02	-6.690076362712730429e+01	-4.462183771058270132e-02
5.035000000000000000e+02	-7.199273772058769794e+01	-4.975062434351409935e-02
5.037500000000000000e+02	-7.182478504849939327e+01	-4.203070967994129714e-02
5.040000000000000000e+02	-6.705014518496899711e+01	-4.029158463465359885e-02
5.042500000000000000e+02	-5.915222959215540044e+01	-2.859906765065299908e-02
5.045000000000000000e+02	-5.494108244538679742e+01	-3.181453243966150118e-02
5.047500000000000000e+02	-6.005478554666780155e+01	-3.291090668072649966e-02
5.050000000000000000e+02	-7.212461352449909668e+01	-4.896262228809700190e-02
5.052500000000000000e+02	-8.264441268195619728e+01	-4.759088807164919832e-02
5.055000000000000000e+02	-8.254843561303189858e+01	-4.573350813612560295e-02
5.057500000000000000e+02	-6.953286412194199784e+01	-3.613988423440350067e-02
5.060000000000000000e+02	-5.027714922391810148e+01	-1.870516628810029933e-02
5.062500000000000000e+02	-3.537147282781619850e+01	-1.541609470974909975e-02
5.065000000000000000e+02	-3.170619351539700048e+01	-1.271418309990689915e-02
5.067500000000000000e+02	-3.542399615893170051e+01	-2.192034620365319875e-02
5.070000000000000000e+02	-3.786294495119219761e+01	-2.069585682468259857e-02
5.072500000000000000e+02	-3.936798672031599722e+01	-1.824284252836029865e-02
5.075000000000000000e+02	-4.705823271898510285e+01	-3.512134033384459869e-02
5.077500000000000000e+02	-6.086853547311680046e+01	-3.266826121273300187e-02
5.080000000000000000e+02	-6.971577654610470631e+01	-3.726817384588070048e-02
5.082500000000000000e+02	-6.498838681215630686e+01	-2.870916828154669934e-02
5.085000000000000000e+02	-5.199220908864099755e+01	-3.171032653998139689e-02
5.087500000000000000e+02	-4.050514542797940010e+01	-1.519746732154280029e-02
5.090000000000000000e+02	-3.452667741790109801e+01	-1.761855882763030054e-02
5.092500000000000000e+02	-3.282527766027799743e+01	-1.312036770259640030e-02
5.095000000000000000e+02	-3.076633981910480031e+01	-1.540761046089540037e-02
5.097500000000000000e+02	-2.772066487998100115e+01	-1.475067151634710041e-02
5.100000000000000000e+02	-2.994547800456410158e+01	-2.315405959158359922e-02
5.102500000000000000e+02	-3.856357714613960042e+01	-2.631265485694590095e-02
5.105000000000000000e+02	-4.720008966907010262e+01	-2.040645416448680013e-02
5.107500000000000000e+02	-5.403081803426349694e+01	-3.458214334932629974e-02
5.110000000000000000e+02	-6.298460297686190046e+01	-3.470756305872999686e-02
5.112500000000000000e+02	-7.457905380453939870e+01	-4.679578658057290119e-02
5.115000000000000000e+02	-8.396168593747519537e+01	-5.518248487508080335e-02
5.117500000000000000e+02	-8.786810218172530540e+01	-5.839643658135899862e-02
5.120000000000000000e+02	-8.740640862814099421e+01	-4.402937233053220295e-02
5.122500000000000000e+02	-8.364951039196840554e+01	-5.298585881956940219e-02
5.125000000000000000e+02	-7.396216822035690086e+01	-4.722644267026589876e-02
5.127500000000000000e+02	-5.461150906033930141e+01	-3.227712318910579831e-02
5.130000000000000000e+02	-2.940449677023359953e+01	-7.086031644665379686e-03
5.132500000000000000e+02	-9.596366301798440190e+00	3.182491934606779954e-03
5.135000000000000000e+02	-2.047195308237840017e+00	9.530311492800090309e-03
5.137500000000000000e+02	-6.499324962734490008e+00	1.293617128301609949e-03
5.140000000000000000e+02	-2.036212253489360080e+01	-6.049486943288939766e-03
5.142500000000000000e+02	-3.695046241556860167e+01	-2.993932984333649849e-02
5.145000000000000000e+02	-4.876150576842770334e+01	-3.127101260489319884e-02
5.147500000000000000e+02	-5.516473247137390246e+01	-4.081516855850009923e-02
5.150000000000000000e+02	-6.036514064117079670e+01	-3.185831621480730153e-02
5.152500000000000000e+02	-6.754361408162390035e+01	-3.788042338884720084e-02
5.155000000000000000e+02	-7.513713092748949407e+01	-4.983713489190919749e-02
5.157500000000000000e+02	-7.944479860824739603e+01	-4.301806790586869961e-02
5.160000000000000000e+02	-8.201257114454389807e+01	-5.692847689301330089e-02
5.162500000000000000e+02	-8.765436181386169778e+01	-5.174789186098240068e-02
5.165000000000000000e+02	-9.593621178032189789e+01	-5.577712411590240310e-02
5.167500000000000000e+02	-1.020706088787510026e+02	-6.197528788171430270e-02
5.170000000000000000e+02	-1.053304861354660034e+02	-5.731091338139000096e-02
5.172500000000000000e+02	-1.099785970518120024e+02	-5.593042315992739766e-02
5.175000000000000000e+02	-1.176308835759869993e+02	-6.754550477282729448e-02
5.177500000000000000e+02	-1.228476857927440022e+02	-6.722704465167660126e-02
5.180000000000000000e+02	-1.191575928250520064e+02	-6.685961295564399332e-02
5.182500000000000000e+02	-1.065340099461899968e+02	-4.743570857257319723e-02
5.185000000000000000e+02	-8.624905496115870562e+01	-3.237952697078080172e-02
5.187500000000000000e+02	-5.827452749522589670e+01	-2.568666568980849940e-02
5.190000000000000000e+02	-2.767759837561600023e+01	-1.007788121717550014e-02
5.192500000000000000e+02	-6.568227659973540078e-01	3.452133814385929811e-03
5.195000000000000000e+02	1.636570477094860010e+01	2.826154908833810112e-02
5.197500000000000000e+02	1.543265097104239914e+01	2.726009058790170025e-02
5.200000000000000000e+02	-1.192635113867420049e+00	2.292285341170409874e-03
5.202500000000000000e+02	-2.018981955180079879e+01	-7.123578922951149736e-03
5.205000000000000000e+02	-3.116184568843959823e+01	-1.793463485962770027e-02
5.207500000000000000e+02	-3.403813621473840101e+01	-1.989967267310909990e-02
5.210000000000000000e+02	-3.591998323651910141e+01	-2.123320455122689951e-02
5.212500000000000000e+02	-4.212038682416319801e+01	-2.636085427049940019e-02
5.215000000000000000e+02	-4.791824155382629868e+01	-3.630401767930589718e-02
5.217500000000000000e+02	-4.516976078719149967e+01	-3.336615664146080212e-02
5.220000000000000000e+02	-3.584660901805600020e+01	-2.010212656208430065e-02
5.222500000000000000e+02	-2.976022369816460156e+01	-1.717991188965859936e-02
5.225000000000000000e+02	-3.428165858556170065e+01	-2.303118816006249903e-02
5.227500000000000000e+02	-4.923787394165830023e+01	-3.136861979342209922e-02
5.230000000000000000e+02	-6.921584634257270352e+01	-4.453483604283529906e-02
5.232500000000000000e+02	-8.919042012836609956e+01	-7.112436206676610306e-02
5.235000000000000000e+02	-1.061892037319069999e+02	-8.034255736946929738e-02
5.237500000000000000e+02	-1.188277910751349964e+02	-9.806066932145279802e-02
5.240000000000000000e+02	-1.268106556284970026e+02	-9.772875563754999939e-02
5.242500000000000000e+02	-1.304294992379979874e+02	-1.051533702064939985e-01
5.245000000000000000e+02	-1.297423661488350035e+02	-1.048905532407919949e-01
5.247500000000000000e+02	-1.273128681726000053e+02	-1.023831070470880011e-01
5.250000000000000000e+02	-1.267896048807459977e+02	-8.457370871465050288e-02
5.252500000000000000e+02	-1.248708425871599985e+02	-8.555747956548970246e-02
5.255000000000000000e+02	-1.158328749402970033e+02	-7.939895026552939994e-02
5.257500000000000000e+02	-9.969988440954320197e+01	-5.538463369202280273e-02
5.260000000000000000e+02	-8.024422843219039692e+01	-3.937496808793369829e-02
5.262500000000000000e+02	-6.240840616893989790e+01	-3.055055359675299884e-02
5.265000000000000000e+02	-5.062727686312000230e+01	-2.491867580741259983e-02
5.267500000000000000e+02	-4.573803177442950130e+01	-1.564099190804970133e-02
5.270000000000000000e+02	-4.533970517611319906e+01	-2.237027009635109837e-02
5.272500000000000000e+02	-4.833914929575310282e+01	-3.032239447701049959e-02
5.275000000000000000e+02	-5.445826260177660316e+01	-3.779808451020730264e-02
5.277500000000000000e+02	-6.005196126429270009e+01	-3.424958926919199897e-02
5.280000000000000000e+02	-6.550974824711829569e+01	-3.596990755853209792e-02
5.282500000000000000e+02	-7.831062594990839898e+01	-4.114819274152230200e-02
5.285000000000000000e+02	-9.600538838792890317e+01	-5.288105702887249682e-02
5.287500000000000000e+02	-1.028408344474620009e+02	-5.823940271837409893e-02
5.290000000000000000e+02	-8.936506759036339531e+01	-3.957581717168669883e-02
5.292500000000000000e+02	-6.270727751242579728e+01	-3.785477291423929719e-02
5.295000000000000000e+02	-3.723769706023620074e+01	-8.799300838677370090e-03
5.297500000000000000e+02	-2.336266531669309998e+01	-1.041827946924460055e-02
5.300000000000000000e+02	-2.803610063633099969e+01	-4.879137371556739773e-03
5.302500000000000000e+02	-5.262024471339599785e+01	-2.606651586893169933e-02
5.305000000000000000e+02	-8.463973231259089403e+01	-5.849172564840329769e-02
5.307500000000000000e+02	-1.050536038511380070e+02	-5.980613063457620310e-02
5.310000000000000000e+02	-1.069074301902970063e+02	-6.626701623441000333e-02
5.312500000000000000e+02	-9.864666736231049526e+01	-5.790155121527949811e-02
5.315000000000000000e+02	-8.754931671433139684e+01	-4.256117269195799913e-02
5.317500000000000000e+02	-7.388184873690440213e+01	-3.448265595476879969e-02
5.320000000000000000e+02	-6.032744833272109730e+01	-2.745928431332320119e-02
5.322500000000000000e+02	-5.076536096084719674e+01	-2.229797550127669836e-02
5.325000000000000000e+02	-4.788105911683919658e+01	-2.785494005292369832e-02
5.327500000000000000e+02	-5.417198467790250049e+01	-2.547861286567799921e-02
5.330000000000000000e+02	-6.604762848746750592e+01	-3.773013094951069984e-02
5.332500000000000000e+02	-7.392381486903080656e+01	-3.997453105536880047e-02
5.335000000000000000e+02	-7.084761398312339509e+01	-4.061266915246260212e-02
5.337500000000000000e+02	-5.754544052669390197e+01	-2.137904262162010002e-02
5.340000000000000000e+02	-4.015188732610639732e+01	-1.873067102861819891e-02
5.342500000000000000e+02	-2.630370536899039990e+01	-1.024222313577619926e-02
5.345000000000000000e+02	-2.008464902840490041e+01	-9.177118216977520754e-03
5.347500000000000000e+02	-1.965079207681360174e+01	-4.163069375069749709e-03
5.350000000000000000e+02	-2.398684622723959947e+01	-1.213181179946139915e-02
5.352500000000000000e+02	-3.223720203655079786e+01	-2.286486246678999870e-02
5.355000000000000000e+02	-3.967126434448059769e+01	-3.234605448031829811e-02
5.357500000000000000e+02	-4.530963717347089670e+01	-2.453412605314459968e-02
5.360000000000000000e+02	-5.223843961554170079e+01	-3.759427628672149663e-02
5.362500000000000000e+02	-6.060698418501549867e+01	-3.989772689512870174e-02
5.365000000000000000e+02	-6.752698255560589757e+01	-4.316206340651489864e-02
5.367500000000000000e+02	-6.935649723507930275e+01	-3.864755814561549735e-02
5.370000000000000000e+02	-6.619177655036040164e+01	-3.660759873700519806e-02
5.372500000000000000e+02	-6.406753679717660077e+01	-4.610016539118379914e-02
5.375000000000000000e+02	-6.604752335836920452e+01	-3.323893409755829947e-02
5.377500000000000000e+02	-6.664205415605489691e+01	-3.991116503860359793e-02
5.380000000000000000e+02	-6.056092202522380319e+01	-3.245038097336849781e-02
5.382500000000000000e+02	-4.845208450992890192e+01	-3.121641684012610093e-02
5.385000000000000000e+02	-3.644629963083440316e+01	-1.915905460270339936e-02
5.387500000000000000e+02	-3.368570127324900199e+01	-1.332471312232189932e-02
5.390000000000000000e+02	-4.334211333966860025e+01	-2.598910779780019831e-02
5.392500000000000000e+02	-5.791479796876379993e+01	-3.326634236772099684e-02
5.395000000000000000e+02	-6.657548755173169752e+01	-4.432822159119689798e-02
5.397500000000000000e+02	-6.593635035339210049e+01	-4.321523757887670014e-02
5.400000000000000000e+02	-5.985287745771930190e+01	-2.999086992811050151e-02
5.402500000000000000e+02	-5.260848548191319907e+01	-3.493795479509159696e-02
5.405000000000000000e+02	-4.836037487712250282e+01	-1.914501056206460022e-02
5.407500000000000000e+02	-5.008218921667440071e+01	-2.688262312726219863e-02
5.410000000000000000e+02	-5.437707820804580194e+01	-3.522712143187430034e-02
5.412500000000000000e+02	-5.600695851933360103e+01	-2.899490704955910020e-02
5.415000000000000000e+02	-5.670733618615319926e+01	-3.001132872298830148e-02
5.417500000000000000e+02	-5.779455547407309979e+01	-3.488923687903140031e-02
5.420000000000000000e+02	-5.685534636318799784e+01	-3.153603290348690191e-02
5.422500000000000000e+02	-5.588720590569919722e+01	-2.995508962204760164e-02
5.425000000000000000e+02	-5.874706649297439753e+01	-3.605014160213380198e-02
5.427500000000000000e+02	-6.450293833690300005e+01	-3.278494946456780162e-02
5.430000000000000000e+02	-6.668753037752540536e+01	-3.645031460474650042e-02
5.432500000000000000e+02	-5.989925396778480149e+01	-3.446709265388959997e-02
5.435000000000000000e+02	-4.761810223251580254e+01	-3.082743704279980110e-02
5.437500000000000000e+02	-4.083096926232389734e+01	-2.202990176419790044e-02
5.440000000000000000e+02	-4.587660071015039875e+01	-1.969483892290019994e-02
5.442500000000000000e+02	-5.802201252690939981e+01	-3.621797021389010218e-02
5.445000000000000000e+02	-7.012318547847830530e+01	-4.148717155770449694e-02
5.447500000000000000e+02	-7.474377675755999917e+01	-3.780745943977229656e-02
5.450000000000000000e+02	-6.556317837302640328e+01	-3.666398191092339748e-02
5.452500000000000000e+02	-4.732351071234730000e+01	-2.803746559642050079e-02
5.455000000000000000e+02	-3.172445031485399980e+01	-1.166593076688329962e-02
5.457500000000000000e+02	-2.600491246512880039e+01	-1.893634449561280159e-02
5.460000000000000000e+02	-3.199130122899250139e+01	-1.736770863170970097e-02
5.462500000000000000e+02	-5.027392830920739897e+01	-2.227854937318890158e-02
5.465000000000000000e+02	-7.780196458645569635e+01	-4.977657646543289655e-02
5.467500000000000000e+02	-1.031829985770349936e+02	-6.731001017188470437e-02
5.470000000000000000e+02	-1.117890957179390057e+02	-7.237033005869579483e-02
5.472500000000000000e+02	-9.439905302397490061e+01	-5.718643016548630165e-02
5.475000000000000000e+02	-5.743146748459299999e+01	-2.787257190754570055e-02
5.477500000000000000e+02	-2.418947681140840089e+01	-1.137194269339100033e-02
5.480000000000000000e+02	-1.342579865454530008e+01	-1.058639266988719964e-05
5.482500000000000000e+02	-2.124161526822179979e+01	-1.444180197992049955e-02
5.485000000000000000e+02	-3.060582639592509935e+01	-1.734110833039319982e-02
5.487500000000000000e+02	-3.574526114364879703e+01	-2.187876599838689887e-02
5.490000000000000000e+02	-4.530066230341579825e+01	-2.912324956320180153e-02
5.492500000000000000e+02	-5.902947834895599755e+01	-4.348176714573780133e-02
5.495000000000000000e+02	-6.072213424058490006e+01	-4.031769802164059807e-02
5.497500000000000000e+02	-4.016437809383270263e+01	-2.178670716978950081e-02
5.500000000000000000e+02	-1.047876578314889962e+01	1.349302210431649893e-03
5.502500000000000000e+02	6.927853483650380007e+00	8.774571002541900824e-03
5.505000000000000000e+02	5.706561035068319576e+00	1.812104103001080033e-02
5.507500000000000000e+02	-7.201374709199500401e+00	4.337543726063019731e-03
5.510000000000000000e+02	-2.270507420612619853e+01	-9.306545351039800795e-03
5.512500000000000000e+02	-3.953257285731889681e+01	-2.079890594183710084e-02
5.515000000000000000e+02	-6.217739980639930053e+01	-4.490689121359849739e-02
5.517500000000000000e+02	-8.593807000813629315e+01	-6.333894989155849919e-02
5.520000000000000000e+02	-1.019897599556690011e+02	-8.008127153144020682e-02
5.522500000000000000e+02	-1.083237108447119965e+02	-8.027993359806789853e-02
5.525000000000000000e+02	-1.068198889716360043e+02	-8.639892647914909629e-02
5.527500000000000000e+02	-1.014202594976229932e+02	-7.761560233455110092e-02
5.530000000000000000e+02	-9.573532559715829393e+01	-6.972795864909840657e-02
5.532500000000000000e+02	-8.955235659989840258e+01	-5.715029345834460317e-02
5.535000000000000000e+02	-8.070699711497189810e+01	-5.448158113625380106e-02
5.537500000000000000e+02	-6.843962655302090070e+01	-4.198501385675740272e-02
5.540000000000000000e+02	-5.209934094677470284e+01	-3.493119038964880019e-02
5.542500000000000000e+02	-3.318618568377500111e+01	-1.445636691481850047e-02
5.545000000000000000e+02	-2.148602654737560158e+01	-6.700905064110610106e-03
5.547500000000000000e+02	-2.519785586628169938e+01	-3.580626472495629809e-03
5.550000000000000000e+02	-3.969426743297770344e+01	-2.900836270088789914e-02
5.552500000000000000e+02	-5.559431783580559738e+01	-3.538310139287000056e-02
5.555000000000000000e+02	-6.364421764827260120e+01	-4.204285307289119811e-02
5.557500000000000000e+02	-5.685287295667679786e+01	-3.425571733425050031e-02
5.560000000000000000e+02	-3.994642019299430302e+01	-1.990124888824490110e-02
5.562500000000000000e+02	-2.097280815942770005e+01	-9.052614139366699231e-03
5.565000000000000000e+02	8.867631864011470411e-01	1.635548527117779843e-02
5.567500000000000000e+02	2.165810444357089892e+01	3.296769264342690187e-02
5.570000000000000000e+02	2.815179863739589905e+01	4.316872865703749729e-02
5.572500000000000000e+02	1.602354756375639866e+01	2.425236186261989918e-02
5.575000000000000000e+02	-8.857486675835680501e+00	9.289172085082569516e-03
5.577500000000000000e+02	-3.870385330092700116e+01	-2.912807163229700139e-02
5.580000000000000000e+02	-6.382344767983040157e+01	-4.214900607598880133e-02
5.582500000000000000e+02	-8.000551153491099399e+01	-6.273172035205880348e-02
5.585000000000000000e+02	-9.113800919659689725e+01	-7.021121976446810520e-02
5.587500000000000000e+02	-9.866255545772669677e+01	-7.160990702226430193e-02
5.590000000000000000e+02	-1.001444458911820021e+02	-7.288031749436030271e-02
5.592500000000000000e+02	-9.798235066932450366e+01	-7.016464769774710675e-02
5.595000000000000000e+02	-1.000094796458139967e+02	-6.974262438707549971e-02
5.597500000000000000e+02	-1.084787580470730006e+02	-7.642306494080319812e-02
5.600000000000000000e+02	-1.175928405357680049e+02	-8.017623365006269764e-02
5.602500000000000000e+02	-1.211793405340820016e+02	-8.733200440604120540e-02
5.605000000000000000e+02	-1.137238409356859989e+02	-7.074243643035629803e-02
5.607500000000000000e+02	-9.434011104725820474e+01	-5.439874641783280090e-02
5.610000000000000000e+02	-7.151667616771280223e+01	-4.088568098781159704e-02
5.612500000000000000e+02	-5.522628761930089780e+01	-2.601995336777470150e-02
5.615000000000000000e+02	-5.118675940543720060e+01	-2.812903746915619910e-02
5.617500000000000000e+02	-6.352145961941720032e+01	-3.373530512501209805e-02
5.620000000000000000e+02	-8.843071700839119842e+01	-4.290893038443870100e-02
5.622500000000000000e+02	-1.101811759006530025e+02	-6.816494968516380315e-02
5.625000000000000000e+02	-1.179006798274029961e+02	-6.257079940065890522e-02
5.627500000000000000e+02	-1.129785790235959979e+02	-5.344060632410720102e-02
5.630000000000000000e+02	-1.008559823099519974e+02	-5.280937851332429683e-02
5.632500000000000000e+02	-8.805242067652039850e+01	-4.340029288578409888e-02
5.635000000000000000e+02	-7.927680221757960055e+01	-2.826525229922719970e-02
5.637500000000000000e+02	-7.531085924348900562e+01	-2.596380931706290113e-02
5.640000000000000000e+02	-7.446745063872239712e+01	-2.679031716720400164e-02
5.642500000000000000e+02	-7.587679827572219438e+01	-3.045935261548760042e-02
5.645000000000000000e+02	-7.913776439783200090e+01	-3.307423834276360108e-02
5.647500000000000000e+02	-8.354800466519179736e+01	-3.105352557399230010e-02
5.650000000000000000e+02	-9.159864149165069591e+01	-2.955135183433010154e-02
5.652500000000000000e+02	-1.036787688897219937e+02	-3.957429913293090268e-02
5.655000000000000000e+02	-1.134458330935789974e+02	-3.380469576293870099e-02
5.657500000000000000e+02	-1.144113631335680026e+02	-3.539095670855450099e-02
5.660000000000000000e+02	-1.025918500457700020e+02	-2.897380194532080122e-02
5.662500000000000000e+02	-7.789062507325239437e+01	-1.925548482357180083e-02
5.665000000000000000e+02	-5.145257240720550129e+01	-3.119109681809019950e-03
5.667500000000000000e+02	-3.622485280841429756e+01	-1.641859599999289862e-02
5.670000000000000000e+02	-2.993316347275479927e+01	-7.916808125776190249e-04
5.672500000000000000e+02	-2.487492534699250157e+01	-8.630194950945090787e-03
5.675000000000000000e+02	-2.109852472318819849e+01	-1.994846046932690145e-03
5.677500000000000000e+02	-2.441230513180899919e+01	-1.053608038445879962e-02
5.680000000000000000e+02	-4.002415711291590128e+01	-1.942922730419339994e-02
5.682500000000000000e+02	-6.099475166945489946e+01	-3.419455159590720217e-02
5.685000000000000000e+02	-7.484604131574809571e+01	-4.312074412776319837e-02
5.687500000000000000e+02	-8.324461578891329339e+01	-5.410990421245220200e-02
5.690000000000000000e+02	-9.006745542921599679e+01	-4.233252270244859672e-02
5.692500000000000000e+02	-8.876960866061979516e+01	-4.796746527347880290e-02
5.695000000000000000e+02	-7.846190100172519521e+01	-3.874627335234719777e-02
5.697500000000000000e+02	-6.721945670702010034e+01	-3.305887743414089724e-02
5.700000000000000000e+02	-6.230228289080619675e+01	-3.095834358380309889e-02
5.702500000000000000e+02	-6.713386250613839934e+01	-3.398531662002190340e-02
5.705000000000000000e+02	-7.693802480471059368e+01	-3.985994803320790092e-02
5.707500000000000000e+02	-7.960228586810889340e+01	-3.366016917228589755e-02
5.710000000000000000e+02	-7.091900360367519340e+01	-3.011478396884390007e-02
5.712500000000000000e+02	-5.900624636555880187e+01	-2.010552693737750057e-02
5.715000000000000000e+02	-4.931353304344119692e+01	-2.086677061273890105e-02
5.717500000000000000e+02	-4.242693086640900191e+01	-2.002571849094540030e-02
5.720000000000000000e+02	-4.001411738141629826e+01	-1.923322365513580046e-02
5.722500000000000000e+02	-4.080122291386810218e+01	-1.961293745218729845e-02
5.725000000000000000e+02	-3.871937672675859687e+01	-1.934287987756029906e-02
5.727500000000000000e+02	-3.016742536307690159e+01	-1.162817632409940058e-02
5.730000000000000000e+02	-1.980009273351069865e+01	-9.593343860470549683e-03
5.732500000000000000e+02	-1.248138847547039987e+01	-7.069387577765310314e-03
5.735000000000000000e+02	-9.771824190767549823e+00	1.153124312732480049e-03
5.737500000000000000e+02	-1.657737215441019885e+01	-7.725626163831020125e-03
5.740000000000000000e+02	-3.615836148100270009e+01	-1.757595806987850146e-02
5.742500000000000000e+02	-6.328937439051919966e+01	-4.754450294198069721e-02
5.745000000000000000e+02	-8.814915092045680467e+01	-6.334856352234899401e-02
5.747500000000000000e+02	-1.048330677518870004e+02	-7.409770081608629821e-02
5.750000000000000000e+02	-6.000000000000000000e+01	-3.908744549505219906e-02
5.752500000000000000e+02	-6.000000000000000000e+01	-3.779603584772209951e-02
5.755000000000000000e+02	-6.000000000000000000e+01	-4.119135258344550077e-02
5.757500000000000000e+02	-6.000000000000000000e+01	-3.436346775878589693e-02
5.760000000000000000e+02	-6.000000000000000000e+01	-4.021694963266619904e-02
5.762500000000000000e+02	-6.000000000000000000e+01	-3.595246891005510204e-02
5.765000000000000000e+02	-6.000000000000000000e+01	-4.250357249318770236e-02
5.767500000000000000e+02	-6.000000000000000000e+01	-3.741169650977659716e-02
5.770000000000000000e+02	-6.000000000000000000e+01	-3.260720837144909928e-02
5.772500000000000000e+02	-6.000000000000000000e+01	-3.174352441154879717e-02
5.775000000000000000e+02	-6.000000000000000000e+01	-3.026824492938880173e-02
5.777500000000000000e+02	-6.000000000000000000e+01	-3.758483984254969851e-02
5.780000000000000000e+02	-6.000000000000000000e+01	-4.023779778266659696e-02
5.782500000000000000e+02	-6.000000000000000000e+01	-3.832996101031520275e-02
5.785000000000000000e+02	-6.000000000000000000e+01	-3.690411524989409969e-02
5.787500000000000000e+02	-6.000000000000000000e+01	-3.570206114250339818e-02
5.790000000000000000e+02	-6.000000000000000000e+01	-2.852043073574559925e-02
5.792500000000000000e+02	-6.000000000000000000e+01	-3.428666192929610140e-02
5.795000000000000000e+02	-6.000000000000000000e+01	-3.268836882859509768e-02
5.797500000000000000e+02	-6.000000000000000000e+01	-3.332580616830280174e-02
5.800000000000000000e+02	-6.000000000000000000e+01	-2.815101038209569945e-02
5.802500000000000000e+02	-6.000000000000000000e+01	-2.432299351220959874e-02
5.805000000000000000e+02	-6.000000000000000000e+01	-4.282349355704009874e-02
5.807500000000000000e+02	-6.000000000000000000e+01	-3.226716416014949879e-02
5.810000000000000000e+02	-6.000000000000000000e+01	-2.444789265861820049e-02
5.812500000000000000e+02	-6.000000000000000000e+01	-2.936327709279960146e-02
5.815000000000000000e+02	-6.000000000000000000e+01	-3.083405688453499938e-02
5.817500000000000000e+02	-6.000000000000000000e+01	-2.829454399793379996e-02
5.820000000000000000e+02	-6.000000000000000000e+01	-2.373617043384669903e-02
5.822500000000000000e+02	-6.000000000000000000e+01	-3.716039775508359760e-02
5.825000000000000000e+02	-6.000000000000000000e+01	-3.165582435170039705e-02
5.827500000000000000e+02	-6.000000000000000000e+01	-2.028918579785810028e-02
5.830000000000000000e+02	-6.000000000000000000e+01	-3.289551811660140074e-02
5.832500000000000000e+02	-6.000000000000000000e+01	-3.140976177101559991e-02
5.835000000000000000e+02	-6.000000000000000000e+01	-3.401853491231619786e-02
5.837500000000000000e+02	-6.000000000000000000e+01	-2.803101331861530127e-02
5.840000000000000000e+02	-6.000000000000000000e+01	-3.135968703944620045e-02
5.842500000000000000e+02	-6.000000000000000000e+01	-2.463695442478349915e-02
5.845000000000000000e+02	-6.000000000000000000e+01	-3.100389914397450042e-02
5.847500000000000000e+02	-6.000000000000000000e+01	-3.210186894244260181e-02
5.850000000000000000e+02	-6.000000000000000000e+01	-3.218317632360299940e-02
5.852500000000000000e+02	-6.000000000000000000e+01	-3.087309878949490161e-02
5.855000000000000000e+02	-6.000000000000000000e+01	-3.134748857451549742e-02
5.857500000000000000e+02	-6.000000000000000000e+01	-3.033690283107400021e-02
5.860000000000000000e+02	-6.000000000000000000e+01	-3.372916129953559827e-02
5.862500000000000000e+02	-6.000000000000000000e+01	-2.869659126435450056e-02
5.865000000000000000e+02	-6.000000000000000000e+01	-3.254529890647910040e-02
5.867500000000000000e+02	-6.000000000000000000e+01	-2.359396516843929870e-02
5.870000000000000000e+02	-6.000000000000000000e+01	-3.304535006795190216e-02
5.872500000000000000e+02	-6.000000000000000000e+01	-3.034869350816860045e-02
5.875000000000000000e+02	-6.000000000000000000e+01	-3.303630560459319687e-02
5.877500000000000000e+02	-6.000000000000000000e+01	-3.274032481816180340e-02
5.880000000000000000e+02	-6.000000000000000000e+01	-3.053626706751829886e-02
5.882500000000000000e+02	-6.000000000000000000e+01	-2.807315115903820033e-02
5.885000000000000000e+02	-6.000000000000000000e+01	-3.285035157245280030e-02
5.887500000000000000e+02	-6.000000000000000000e+01	-3.904955680509179794e-02
5.890000000000000000e+02	-6.000000000000000000e+01	-3.553824499090049716e-02
5.892500000000000000e+02	-6.000000000000000000e+01	-2.866395108941649852e-02
5.895000000000000000e+02	-6.000000000000000000e+01	-3.462340724520639873e-02
5.897500000000000000e+02	-6.000000000000000000e+01	-3.346277013701050296e-02
