0	-60	-0.0277130598028719
0.25	-60	-0.0270587992850517
0.5	-60	-0.0337803201305179
0.75	-60	-0.037058858394267
1	-60	-0.0361517039471508
1.25	-60	-0.0419470821752954
1.5	-60	-0.0242157888395952
1.75	-60	-0.0356826717487262
2	-60	-0.0327851876493627
2.25	-60	-0.0259804511975563
2.5	-60	-0.0217305341534624
2.75	-60	-0.022742537599359
3	-60	-0.0238069247968519
3.25	-60	-0.0258601034497445
3.5	-60	-0.0321828773046096
3.75	-60	-0.0284777960719626
4	-60	-0.028008002300081
4.25	-60	-0.0332550169705404
4.5	-60	-0.0302919937905233
4.75	-60	-0.0228554138430032
5	-60	-0.0347114828076125
5.25	-60	-0.0262930687128588
5.5	-60	-0.0209168448631103
5.75	-60	-0.0298677156169809
6	-60	-0.0246100281543633
6.25	-60	-0.0280623334896609
6.5	-60	-0.0290562812571174
6.75	-60	-0.0330668349341846
7	-60	-0.0295053009265243
7.25	-60	-0.0336578949563961
7.5	-60	-0.0299267156922903
7.75	-60	-0.0335933043962543
8	-60	-0.0287977276289553
8.25	-60	-0.0370901773492152
8.5	-60	-0.0265094999250729
8.75	-60	-0.0277367409019743
9	-60	-0.0391888201881497
9.25	-60	-0.0392628904856122
9.5	-60	-0.0219558094731886
9.75	-60	-0.028253091794862
10	-60	-0.0350262183063135
10.25	-60	-0.0296071689023861
10.5	-60	-0.0325289600902373
10.75	-60	-0.0361453662320905
11	-60	-0.0287077275574404
11.25	-60	-0.0291579600310599
11.5	-60	-0.0400725060902834
11.75	-60	-0.0322405166115084
12	-60	-0.031747125615288
12.25	-60	-0.0268597919164793
12.5	-60	-0.0248842983479116
12.75	-60	-0.0337153160534904
13	-60	-0.0268526811491517
13.25	-60	-0.0290248214832036
13.5	-60	-0.0319888960262209
13.75	-60	-0.0308554033868788
14	-60	-0.0326167595459803
14.25	-60	-0.0354077278085222
14.5	-60	-0.0284832207848722
14.75	-60	-0.0303323550912974
15	-60	-0.0265134450631999
15.25	-60	-0.0310752040131516
15.5	-60	-0.036202085730246
15.75	-60	-0.0257502859858738
16	-60	-0.0366573528642621
16.25	-60	-0.0376232101396183
16.5	-60	-0.0392026264336906
16.75	-60	-0.0294786839381084
17	-60	-0.0323186564476374
17.25	-60	-0.030267481234977
17.5	-60	-0.0435467937290889
17.75	-60	-0.039096655193045
18	-60	-0.0263314607667458
18.25	-60	-0.038646077075901
18.5	-60	-0.0336968055090323
18.75	-60	-0.0356724136396338
19	-60	-0.0248192942312669
19.25	-60	-0.0287689548095861
19.5	-60	-0.0292223823771656
19.75	-60	-0.0347129165238205
20	-60	-0.0255515900730686
20.25	-60	-0.0411312495978956
20.5	-60	-0.0317535026588975
20.75	-60	-0.0347527074001175
21	-60	-0.0247381749903304
21.25	-60	-0.023086339312074
21.5	-60	-0.0268767202071679
21.75	-60	-0.0317017374015522
22	-60	-0.0313474631901151
22.25	-60	-0.0306524848423023
22.5	-60	-0.0308497110823464
22.75	-60	-0.0342114800718806
23	-60	-0.0346356280215155
23.25	-60	-0.0307486818395629
23.5	-60	-0.0282098388288627
23.75	-60	-0.0290437446993789
24	-60	-0.0299320888931344
24.25	-60	-0.0305779897189667
24.5	-60	-0.0370845487501003
24.75	-60	-0.0369888783551508
25	-100	-0.0569058320358775
25.25	-100	-0.049844001060618
25.5	-100	-0.0519765439551076
25.75	-100	-0.0490816340299658
26	-100	-0.0500368224473121
26.25	-100	-0.046666521866671
26.5	-100	-0.0424455449210675
26.75	-100	-0.0370544162105193
27	-100	-0.0352876312328898
27.25	-100	-0.0393865993542056
27.5	-100	-0.0259821037717155
27.75	-100	-0.0310156295647869
28	-100	-0.0348285050587352
28.25	-100	-0.0315915511288529
28.5	-100	-0.0237406460227975
28.75	-100	-0.0165387166193768
29	-100	-0.0231842799254817
29.25	-100	-0.019495778554373
29.5	-100	-0.0180996650122982
29.75	-100	-0.0218400083369195
30	-100	-0.0195063708266344
30.25	-100	-0.0187051783931768
30.5	-100	-0.0143262250014945
30.75	-100	-0.019222068487029
31	-100	-0.0217032903824487
31.25	-100	-0.0190434642484824
31.5	-100	-0.0173364407903538
31.75	-100	-0.0181647830914587
32	-100	-0.0154670535220368
32.25	-100	-0.0121176810913692
32.5	-100	-0.0137846325219443
32.75	-100	-0.0115228033837047
33	-100	-0.0114371100216177
33.25	-100	-0.00850113139348332
33.5	-100	-0.0114572622061118
33.75	-100	-0.00862743547254917
34	-100	-0.0103411522751992
34.25	-100	-0.00692018476404129
34.5	-100	-0.00644029227809726
34.75	-100	-0.00462811430548938
35	-100	-0.0124726344348708
35.25	-100	-0.00542552168415686
35.5	-100	-0.0161712370294282
35.75	-100	-0.00837335890319405
36	-100	-0.00682841677212628
36.25	-100	-0.0134386279207206
36.5	-100	-0.0142014072891801
36.75	-100	-0.0117538799188919
37	-100	-0.00859400675201456
37.25	-100	-0.00489806781079704
37.5	-100	-0.0112490652345796
37.75	-100	-0.0076248044887814
38	-100	-0.0031193359570686
38.25	-100	-0.00937987624145697
38.5	-100	-0.00243796383022572
38.75	-100	-0.00533875528966348
39	-100	-0.00792217696447122
39.25	-100	0.00179858748054833
39.5	-100	-0.0121010484328292
39.75	-100	-0.00673629566410388
40	-100	-0.00111878248193296
40.25	-100	-0.0078731753384121
40.5	-100	0.00219256957869466
40.75	-100	-0.00296839568077327
41	-100	-0.0112470344699734
41.25	-100	-0.00989383515626327
41.5	-100	-0.00285825661355296
41.75	-100	-0.00574457757057004
42	-100	-0.00023180392012998
42.25	-100	-0.0105249261002339
42.5	-100	-0.00484971754503763
42.75	-100	-0.00868538010002349
43	-100	-0.00490246924050952
43.25	-100	-0.0093492457602323
43.5	-100	-0.00837633180443302
43.75	-100	0.00049602543159064
44	-100	0.00669461898940542
44.25	-100	0.000852109341137734
44.5	-100	-0.00444021770103375
44.75	-100	-0.0101726494830474
45	-100	-0.00106949832116298
45.25	-100	-0.00781514638855605
45.5	-100	-0.00994813597406592
45.75	-100	-0.00702324154573824
46	-100	-0.00383469706493957
46.25	-100	-0.00273193636791711
46.5	-100	0.000464336937087613
46.75	-100	-0.00622168024392983
47	-100	-0.00625237081544356
47.25	-100	-0.00680705044016618
47.5	-100	-0.00810575825796007
47.75	-100	2.19983807554979e-05
48	-100	-0.0140555172234227
48.25	-100	-0.00355000360657128
48.5	-100	-0.00549858387055912
48.75	-100	-0.00929428515003627
49	-100	-0.00339435141255752
49.25	-100	-0.00395522181527898
49.5	-100	-0.0134581626235824
49.75	-100	-0.00137945849866486
50	-60	-0.0118602468963245
50.25	-60	-0.0114901837820278
50.5	-60	-0.00887311874838279
50.75	-60	-0.0103492677657863
51	-60	-0.00840886568474572
51.25	-60	-0.0116540137686144
51.5	-60	-0.010139893543431
51.75	-60	-0.0196540815519808
52	-60	-0.00913661545652005
52.25	-60	-0.0245572303107661
52.5	-60	-0.0231267974825048
52.75	-60	-0.0249906911274723
53	-60	-0.0265168716168303
53.25	-60	-0.0222933354407195
53.5	-60	-0.0310273139961797
53.75	-60	-0.0225567939651959
54	-60	-0.0231904928212503
54.25	-60	-0.0267783728841397
54.5	-60	-0.0184746079591635
54.75	-60	-0.0194631089931274
55	-60	-0.0240186128055018
55.25	-60	-0.0366630108652036
55.5	-60	-0.0229388202527991
55.75	-60	-0.0270872607091688
56	-60	-0.0185381383030311
56.25	-60	-0.030501069885146
56.5	-60	-0.0323529824343295
56.75	-60	-0.0295586705832453
57	-60	-0.0264198057771495
57.25	-60	-0.027759267134492
57.5	-60	-0.024712882422506
57.75	-60	-0.0308048618102643
58	-60	-0.0239605359573854
58.25	-60	-0.0345553359137826
58.5	-60	-0.0294197708631831
58.75	-60	-0.0388304409337142
59	-60	-0.0284088681678493
59.25	-60	-0.0322504407763739
59.5	-60	-0.0323969861354662
59.75	-60	-0.0281299605244227
60	-60	-0.0319170784564261
60.25	-60	-0.0323395103267512
60.5	-60	-0.0316002223020533
60.75	-60	-0.027829378309533
61	-60	-0.0314010816863663
61.25	-60	-0.0281436058123748
61.5	-60	-0.0331936959848943
61.75	-60	-0.0326914654226451
62	-60	-0.0255155387350158
62.25	-60	-0.0294967580531949
62.5	-60	-0.0268964691939399
62.75	-60	-0.0300181352357046
63	-60	-0.030791952209645
63.25	-60	-0.0354829911548768
63.5	-60	-0.033049208913564
63.75	-60	-0.0368189026187673
64	-60	-0.034577175567587
64.25	-60	-0.0291796610735828
64.5	-60	-0.0342457271613885
64.75	-60	-0.0277355735670836
65	-60	-0.0318913761870385
65.25	-60	-0.0258041191120678
65.5	-60	-0.0287180457260023
65.75	-60	-0.0295683808045432
66	-60	-0.0273770608647632
66.25	-60	-0.0236468896887755
66.5	-60	-0.030479320566386
66.75	-60	-0.0336028670644306
67	-60	-0.0327947426532773
67.25	-60	-0.0338452365579828
67.5	-60	-0.0315604878230171
67.75	-60	-0.0327415818660495
68	-60	-0.0322535422034552
68.25	-60	-0.0341118272394681
68.5	-60	-0.0333778947691102
68.75	-60	-0.0385623828192437
69	-60	-0.0321928050084518
69.25	-60	-0.0369792325760005
69.5	-60	-0.0332132104883472
69.75	-60	-0.0308339695708943
70	-60	-0.0370076140010255
70.25	-60	-0.0343562317715273
70.5	-60	-0.0328386042274255
70.75	-60	-0.0336749671434617
71	-60	-0.0306565942581625
71.25	-60	-0.0278972142763855
71.5	-60	-0.0296920740997439
71.75	-60	-0.0337052977165297
72	-60	-0.0351354237455911
72.25	-60	-0.0308517915568665
72.5	-60	-0.0340433949610541
72.75	-60	-0.0350797510953573
73	-60	-0.0357335805574752
73.25	-60	-0.0275967425514973
73.5	-60	-0.0298482464355395
73.75	-60	-0.0381220949895585
74	-60	-0.0305780002312578
74.25	-60	-0.0345269325279109
74.5	-60	-0.036790633676918
74.75	-60	-0.0360006249528468
75	-40	-0.0253676160783645
75.25	-40	-0.0164171404617557
75.5	-40	-0.0227825701879236
75.75	-40	-0.0161951452332194
76	-40	-0.0263633124042389
76.25	-40	-0.0296894438957249
76.5	-40	-0.023236817817849
76.75	-40	-0.0212806248855441
77	-40	-0.0223139436791473
77.25	-40	-0.0172193066120308
77.5	-40	-0.0231509918337739
77.75	-40	-0.0213697162554942
78	-40	-0.0298789203092752
78.25	-40	-0.0204847783295724
78.5	-40	-0.0168947115322824
78.75	-40	-0.0182036061548845
79	-40	-0.0237715202472
79.25	-40	-0.0221187685872476
79.5	-40	-0.01957256833559
79.75	-40	-0.0263965342030496
80	-40	-0.0157707829763029
80.25	-40	-0.0183873093142191
80.5	-40	-0.0206999836730115
80.75	-40	-0.0232440433799244
81	-40	-0.018322296431699
81.25	-40	-0.0143617526763712
81.5	-40	-0.019947697325047
81.75	-40	-0.0149996787621942
82	-40	-0.0224580836894896
82.25	-40	-0.0207911843844787
82.5	-40	-0.0159444912755237
82.75	-40	-0.0209900302343435
83	-40	-0.0185976751572407
83.25	-40	-0.0178762283689898
83.5	-40	-0.0173305184632162
83.75	-40	-0.0187915006021398
84	-40	-0.0252474442489401
84.25	-40	-0.0196054553619487
84.5	-40	-0.0201218414671517
84.75	-40	-0.0145604385129226
85	-40	-0.0130528093612814
85.25	-40	-0.0210427797009461
85.5	-40	-0.0155061071958176
85.75	-40	-0.0131027595853316
86	-40	-0.0176073037905648
86.25	-40	-0.0224046357522736
86.5	-40	-0.0118890078822286
86.75	-40	-0.0209556118412931
87	-40	-0.0151291773186362
87.25	-40	-0.0211408630294202
87.5	-40	-0.0151245350068156
87.75	-40	-0.017909115708518
88	-40	-0.0177520598930675
88.25	-40	-0.00659520179815607
88.5	-40	-0.0106613107717501
88.75	-40	-0.0143522162117891
89	-40	-0.012065360991639
89.25	-40	-0.0115058346914591
89.5	-40	-0.0144758135774832
89.75	-40	-0.017579260142034
90	-40	-0.0152811132911985
90.25	-40	-0.0119334125424992
90.5	-40	-0.0112459435595374
90.75	-40	-0.0179951109748281
91	-40	-0.0100628935775432
91.25	-40	-0.0129604876915541
91.5	-40	-0.0173553419751818
91.75	-40	-0.0206962797405257
92	-40	-0.0128469917290429
92.25	-40	-0.0153211144428219
92.5	-40	-0.0075074916438672
92.75	-40	-0.018297242488839
93	-40	-0.0205590100849038
93.25	-40	-0.0175401595097264
93.5	-40	-0.0155025468739675
93.75	-40	-0.020553676401358
94	-40	-0.0151789092360724
94.25	-40	-0.0170289113443335
94.5	-40	-0.00464963870652992
94.75	-40	-0.0168911289631136
95	-40	-0.0115430131999209
95.25	-40	-0.018793597472536
95.5	-40	-0.0131115905793437
95.75	-40	-0.0128982192108196
96	-40	-0.0128890463168123
96.25	-40	-0.00380874164534828
96.5	-40	-0.0143424263550776
96.75	-40	-0.0121443653546112
97	-40	-0.0109997075859195
97.25	-40	-0.0176863264733898
97.5	-40	-0.0130855564972784
97.75	-40	-0.00937095325422744
98	-40	-0.00791559885205837
98.25	-40	-0.0081382697767768
98.5	-40	-0.0152054798056367
98.75	-40	-0.00767209616431907
99	-40	-0.00779547989336299
99.25	-40	-0.0143170562204585
99.5	-40	-0.0126549109360022
99.75	-40	-0.0123716309257802
100	-60	-0.0181614134118931
100.25	-60	-0.0243443814380969
100.5	-60	-0.0267037472701664
100.75	-60	-0.0311061128975922
101	-60	-0.0228834833874113
101.25	-60	-0.0238780587791093
101.5	-60	-0.0307907038607571
101.75	-60	-0.0232591046533657
102	-60	-0.0334364760159644
102.25	-60	-0.0225892889512537
102.5	-60	-0.0347378610995101
102.75	-60	-0.0269093338905744
103	-60	-0.0274838581948871
103.25	-60	-0.0299905350031722
103.5	-60	-0.0252313019429059
103.75	-60	-0.0257719982495735
104	-60	-0.0232182164296073
104.25	-60	-0.0283009142323553
104.5	-60	-0.0281174821952133
104.75	-60	-0.0267024545603451
105	-60	-0.0257832679540905
105.25	-60	-0.0304382166463765
105.5	-60	-0.0250380095062396
105.75	-60	-0.0279965195560126
106	-60	-0.031106674703106
106.25	-60	-0.0271244314270461
106.5	-60	-0.025709060609457
106.75	-60	-0.0292214892896735
107	-60	-0.0229261282979572
107.25	-60	-0.0284691492581211
107.5	-60	-0.020895881951676
107.75	-60	-0.0257310553970833
108	-60	-0.0302045648756939
108.25	-60	-0.0307085196927288
108.5	-60	-0.0306377926800053
108.75	-60	-0.0319133187726734
109	-60	-0.0343692335662856
109.25	-60	-0.0350841499460467
109.5	-60	-0.0301888835064696
109.75	-60	-0.032051510244375
110	-60	-0.0248122842480154
110.25	-60	-0.022007944512205
110.5	-60	-0.032128160013014
110.75	-60	-0.0275830506771837
111	-60	-0.0312946285111083
111.25	-60	-0.025908113280486
111.5	-60	-0.0305475873073678
111.75	-60	-0.0264240212648707
112	-60	-0.0288497645866518
112.25	-60	-0.0409756988696479
112.5	-60	-0.0358991448304972
112.75	-60	-0.0308429440237559
113	-60	-0.0289278655066796
113.25	-60	-0.0301952073999661
113.5	-60	-0.025398661012103
113.75	-60	-0.0380098239278753
114	-60	-0.033361915337876
114.25	-60	-0.031873748876563
114.5	-60	-0.0273348756690048
114.75	-60	-0.0342010936556189
115	-60	-0.0308865345664808
115.25	-60	-0.0346382245795451
115.5	-60	-0.0300447544338276
115.75	-60	-0.0292346220068531
116	-60	-0.0313665696236793
116.25	-60	-0.0293941116995003
116.5	-60	-0.0360613385034688
116.75	-60	-0.0314308421116369
117	-60	-0.0311299127658696
117.25	-60	-0.0323997678114925
117.5	-60	-0.0327882778606675
117.75	-60	-0.0346049504042426
118	-60	-0.025446223969884
118.25	-60	-0.0340109285620896
118.5	-60	-0.0291236417805592
118.75	-60	-0.0269525726512314
119	-60	-0.0345041672510346
119.25	-60	-0.034089009763028
119.5	-60	-0.0299061632132774
119.75	-60	-0.0287462975722766
120	-60	-0.0334157848889821
120.25	-60	-0.0281295932362087
120.5	-60	-0.0189506019183375
120.75	-60	-0.0291439255219849
121	-60	-0.0287486340278869
121.25	-60	-0.0375824413350027
121.5	-60	-0.0326313921490403
121.75	-60	-0.0298292952260914
122	-60	-0.0295157368159378
122.25	-60	-0.0415043938820044
122.5	-60	-0.0329100335135319
122.75	-60	-0.0328389688058598
123	-60	-0.0297767363443291
123.25	-60	-0.0278705649679596
123.5	-60	-0.0315375541486963
123.75	-60	-0.038816636239848
124	-60	-0.0250739135450499
124.25	-60	-0.0250736626917647
124.5	-60	-0.0329555322514806
124.75	-60	-0.0293323480122912
125	-20	-0.0052888912526531
125.25	-20	-0.00654773905395251
125.5	-20	0.000142907918828246
125.75	-20	-0.0138132999441197
126	-20	-0.00766546195031071
126.25	-20	-0.0106238078446915
126.5	-20	-0.00750130397652313
126.75	-20	-0.00757540804746909
127	-20	-0.0108773849914102
127.25	-20	-0.00669729523650399
127.5	-20	-0.00959819139295427
127.75	-20	-0.00383593170075008
128	-20	-0.00297597319385711
128.25	-20	-0.00849076618664179
128.5	-20	-0.00263560927504856
128.75	-20	-0.00598810047655633
129	-20	-0.00864228135191923
129.25	-20	-0.0100263233494221
129.5	-20	-0.00251376686237076
129.75	-20	-0.0102363540193898
130	-20	-0.00261587631853616
130.25	-20	-0.00362866689167178
130.5	-20	-0.0118061820272248
130.75	-20	-0.00737695648179155
131	-20	-0.00604253852160203
131.25	-20	-0.0055806982213612
131.5	-20	-0.00405266805242673
131.75	-20	-0.00780414358257981
132	-20	-0.0046438957764882
132.25	-20	-0.00589968294074998
132.5	-20	-0.000744859275486482
132.75	-20	-0.00428840081222792
133	-20	-0.00445713820991595
133.25	-20	-0.003635247540584
133.5	-20	-0.0100516372005861
133.75	-20	-0.007285864567199
134	-20	-0.00162302899476333
134.25	-20	-0.00213343527428261
134.5	-20	-0.00487555565460393
134.75	-20	-0.000655096867371755
135	-20	0.00127924654805795
135.25	-20	-0.00304674417261722
135.5	-20	0.00729997461699948
135.75	-20	0.00534344209800662
136	-20	-0.00522917479374371
136.25	-20	0.000439131904791341
136.5	-20	-0.00814350731312077
136.75	-20	-0.00455561548015588
137	-20	-0.00445282630811331
137.25	-20	-0.00310691431925578
137.5	-20	-0.00583937188651934
137.75	-20	0.00272133210895107
138	-20	-0.00713214223719219
138.25	-20	0.00179899481998836
138.5	-20	-0.00509766399648713
138.75	-20	-0.000952736572658787
139	-20	-0.00229990571706292
139.25	-20	0.00344948050355965
139.5	-20	-0.00725306613997139
139.75	-20	-0.0109878930829103
140	-20	-0.00568437267148453
140.25	-20	-0.00115932273902885
140.5	-20	0.000866281020234028
140.75	-20	-0.00521180563387481
141	-20	-0.00130665160033549
141.25	-20	-0.00428918929971368
141.5	-20	0.00675790356600422
141.75	-20	-0.00753999526162951
142	-20	-0.00664584042695394
142.25	-20	0.000136848006713418
142.5	-20	-0.00223027650855414
142.75	-20	-0.00461442949244861
143	-20	0.00224182615235372
143.25	-20	-0.000130604951561165
143.5	-20	-0.00533929337181223
143.75	-20	-0.00239296905839063
144	-20	0.00181883335168203
144.25	-20	-0.00253081814246124
144.5	-20	-0.00766261808541593
144.75	-20	-0.0048966565359751
145	-20	-0.00479080160635813
145.25	-20	-0.000943910895383399
145.5	-20	0.000249404992550918
145.75	-20	-0.00171600563086756
146	-20	-0.00500107973509822
146.25	-20	-0.00433318303466722
146.5	-20	-0.000209636580127577
146.75	-20	-0.00545607030976573
147	-20	0.000676830207387665
147.25	-20	-0.0024142381784658
147.5	-20	0.00498653178014178
147.75	-20	-0.00331440091298217
148	-20	0.000821751224308905
148.25	-20	-0.00730448589695366
148.5	-20	-0.00398338154688901
148.75	-20	0.00438242169601476
149	-20	0.000207694932504925
149.25	-20	-0.0057355014573487
149.5	-20	-0.00259544750199796
149.75	-20	0.00507782309809614
150	-60	-0.00383511223324115
150.25	-60	-0.0141872877069144
150.5	-60	-0.0074990221832812
150.75	-60	-0.0130170435848609
151	-60	-0.017419694721324
151.25	-60	-0.0207943095409746
151.5	-60	-0.0219366859641955
151.75	-60	-0.0235888502491192
152	-60	-0.0206347335644973
152.25	-60	-0.0260030537325806
152.5	-60	-0.0198807495639214
152.75	-60	-0.0209708919836818
153	-60	-0.0224751965829744
153.25	-60	-0.0208571595419673
153.5	-60	-0.0317332755223778
153.75	-60	-0.019755865984488
154	-60	-0.0252080920110784
154.25	-60	-0.0258792066176299
154.5	-60	-0.0279430147192903
154.75	-60	-0.0247943979484383
155	-60	-0.0222424677789405
155.25	-60	-0.0323048540355266
155.5	-60	-0.0291646393649836
155.75	-60	-0.0199595059094013
156	-60	-0.0330492632689732
156.25	-60	-0.0264114920094459
156.5	-60	-0.0303547773021396
156.75	-60	-0.0266510542468894
157	-60	-0.0338160092657106
157.25	-60	-0.028770598531099
157.5	-60	-0.0291177503990519
157.75	-60	-0.029275483862527
158	-60	-0.0185997310586959
158.25	-60	-0.0308254678360466
158.5	-60	-0.0312660928740874
158.75	-60	-0.0273364520598761
159	-60	-0.030111488769379
159.25	-60	-0.0179246936329202
159.5	-60	-0.0306606422772329
159.75	-60	-0.0181213995660888
160	-60	-0.0303685582643936
160.25	-60	-0.0294074576186989
160.5	-60	-0.0283847313864938
160.75	-60	-0.0277504959901756
161	-60	-0.0308290083734638
161.25	-60	-0.0288229272284739
161.5	-60	-0.033268253096084
161.75	-60	-0.031363677186533
162	-60	-0.0333992826939543
162.25	-60	-0.0292649700174757
162.5	-60	-0.0297715494415872
162.75	-60	-0.0253631252579832
163	-60	-0.0271617100382483
163.25	-60	-0.0293397029503145
163.5	-60	-0.0313458105024185
163.75	-60	-0.0336007803909949
164	-60	-0.0273063190336293
164.25	-60	-0.0319356504112651
164.5	-60	-0.0402059942475838
164.75	-60	-0.0329740119109235
165	-60	-0.0299335566811436
165.25	-60	-0.0345459335631315
165.5	-60	-0.0354347011291959
165.75	-60	-0.0269307749042831
166	-60	-0.030953294378608
166.25	-60	-0.0366650697027842
166.5	-60	-0.0346076135863875
166.75	-60	-0.0364018436078811
167	-60	-0.033289497005228
167.25	-60	-0.0311608193914673
167.5	-60	-0.0342403626162428
167.75	-60	-0.0230684336514616
168	-60	-0.0309098663955331
168.25	-60	-0.0239698522145289
168.5	-60	-0.0273118449275398
168.75	-60	-0.0355790946470784
169	-60	-0.0360689832726055
169.25	-60	-0.0303214657506302
169.5	-60	-0.0326324046881893
169.75	-60	-0.0290915983337346
170	-60	-0.0335567647166124
170.25	-60	-0.0271893991926888
170.5	-60	-0.0365193567605909
170.75	-60	-0.0326924986675792
171	-60	-0.0294832896075739
171.25	-60	-0.033654440847183
171.5	-60	-0.0317612100036521
171.75	-60	-0.031894437886838
172	-60	-0.0369160502902603
172.25	-60	-0.0282223980835879
172.5	-60	-0.0359968714553398
172.75	-60	-0.0340810424302276
173	-60	-0.0343792624142505
173.25	-60	-0.0315386038439305
173.5	-60	-0.0339461389714698
173.75	-60	-0.0307651450558003
174	-60	-0.0277475916262626
174.25	-60	-0.035923805138046
174.5	-60	-0.0345137662249358
174.75	-60	-0.030321576848769
175	0	0.0049418134562158
175.25	0	0.0159031182612712
175.5	0	0.00465911025815897
175.75	0	0.00618083645430034
176	0	0.00800832701624312
176.25	0	0.0131057819575962
176.5	0	0.00884407747811947
176.75	0	0.0168181234809122
177	0	0.0165854966884713
177.25	0	0.0141350469024785
177.5	0	0.0096882063018027
177.75	0	0.0109494873117286
178	0	0.00990129710427097
178.25	0	0.0146795650386462
178.5	0	0.0120578327688661
178.75	0	0.0192430800270752
179	0	0.0116327530393046
179.25	0	0.0093726333975311
179.5	0	0.00657924832059803
179.75	0	0.01230638835421
180	0	0.00928208397029694
180.25	0	0.0132404126572958
180.5	0	0.0167380313404249
180.75	0	0.00197316486628045
181	0	0.00110836510925564
181.25	0	0.00809046731463252
181.5	0	0.00889592251039471
181.75	0	0.00860120532811831
182	0	0.00854004929240612
182.25	0	0.00771762550527215
182.5	0	0.00523311627315451
182.75	0	0.00552802158794757
183	0	0.00525745045573224
183.25	0	0.0047500020004708
183.5	0	0.00853243122162312
183.75	0	0.00313817563282745
184	0	0.00547930066862836
184.25	0	0.0100914758053681
184.5	0	0.00422507174406145
184.75	0	0.00717301350086347
185	0	0.00666487288158341
185.25	0	0.00824063862757598
185.5	0	0.00942997905505067
185.75	0	0.00306374981570317
186	0	0.00871751457640771
186.25	0	0.00666829138855369
186.5	0	0.00508552369591023
186.75	0	0.00864724932304242
187	0	0.00439646217450817
187.25	0	0.0064540489885247
187.5	0	0.0111560365996253
187.75	0	0.00423879498443081
188	0	0.00471189107979232
188.25	0	0.00338527796691511
188.5	0	-3.14650300316938e-06
188.75	0	-0.000908812046760878
189	0	-0.00281907547745879
189.25	0	0.0104651026278844
189.5	0	0.00915197643054778
189.75	0	0.000975785804333886
190	0	0.0117520945781249
190.25	0	0.0101868516640747
190.5	0	0.00848416276845325
190.75	0	0.00143437305074831
191	0	0.0061668479213566
191.25	0	-0.000308263894484968
191.5	0	0.00948114099398025
191.75	0	0.00803295364725597
192	0	0.0087868821736265
192.25	0	0.00486908751583748
192.5	0	0.000552539380410049
192.75	0	0.0041295141741906
193	0	0.000155437340137913
193.25	0	0.00188041872548497
193.5	0	0.000353827824175608
193.75	0	-0.00309838849338865
194	0	0.00431823362231187
194.25	0	0.00766110142010532
194.5	0	0.000342640209102678
194.75	0	0.0032019189819031
195	0	0.00554792681431639
195.25	0	0.00210230097343805
195.5	0	-0.00216924316656274
195.75	0	0.0028038237347543
196	0	0.0101460028380169
196.25	0	0.001400775509299
196.5	0	0.000829124492297299
196.75	0	0.00200241828935246
197	0	0.00228626311044034
197.25	0	0.000784163834435342
197.5	0	0.00181468734203612
197.75	0	-0.00170170331791692
198	0	0.00350451257917926
198.25	0	0.00223737862609417
198.5	0	0.00235404877426843
198.75	0	0.00598657269095436
199	0	0.00197099712522644
199.25	0	-0.00132984341522732
199.5	0	-0.00319638835435874
199.75	0	-0.00544921517211267
200	-60	-0.0104062651585297
200.25	-60	-0.0148165903207966
200.5	-60	-0.0162885008642204
200.75	-60	-0.0104079819084093
201	-60	-0.0166775579502674
201.25	-60	-0.0127030654550856
201.5	-60	-0.0218587283525886
201.75	-60	-0.0245017930634522
202	-60	-0.0238400790100136
202.25	-60	-0.0161678924840116
202.5	-60	-0.0204308771419265
202.75	-60	-0.0241529124482461
203	-60	-0.0193604453668248
203.25	-60	-0.030170736506806
203.5	-60	-0.0215430996365657
203.75	-60	-0.0211986985336358
204	-60	-0.0226075987006421
204.25	-60	-0.0269375809070113
204.5	-60	-0.0288034459522408
204.75	-60	-0.0175367048678737
205	-60	-0.0167094760893215
205.25	-60	-0.0271733073379323
205.5	-60	-0.0294176199551166
205.75	-60	-0.0219906012513152
206	-60	-0.0198325546260014
206.25	-60	-0.0315550913172203
206.5	-60	-0.0335730193345978
206.75	-60	-0.0261362468764
207	-60	-0.0196998096456232
207.25	-60	-0.0291406487791756
207.5	-60	-0.0322508407243119
207.75	-60	-0.0283025730823175
208	-60	-0.0291011003655299
208.25	-60	-0.0305533079329285
208.5	-60	-0.0262162722261924
208.75	-60	-0.0221721963822603
209	-60	-0.0301476240550749
209.25	-60	-0.0335621889083713
209.5	-60	-0.028034830453295
209.75	-60	-0.0282198585555458
210	-60	-0.0308625162861987
210.25	-60	-0.0380614986853637
210.5	-60	-0.0314921403720224
210.75	-60	-0.0320634503518982
211	-60	-0.0301823851141591
211.25	-60	-0.0347480598039187
211.5	-60	-0.0310824424451529
211.75	-60	-0.025659383538007
212	-60	-0.0315298637231466
212.25	-60	-0.0347999047442751
212.5	-60	-0.0302985572132502
212.75	-60	-0.0315725347788249
213	-60	-0.0287187648935779
213.25	-60	-0.0325938298621701
213.5	-60	-0.0226872764042292
213.75	-60	-0.0256531618549118
214	-60	-0.0279322492814445
214.25	-60	-0.0399588376914172
214.5	-60	-0.0341703201642223
214.75	-60	-0.0302479358259982
215	-60	-0.0237792988703105
215.25	-60	-0.0207452524178997
215.5	-60	-0.0364475602401531
215.75	-60	-0.0285844446612471
216	-60	-0.0274949054962263
216.25	-60	-0.0274314252124526
216.5	-60	-0.0278167214721489
216.75	-60	-0.03851274216837
217	-60	-0.0327352501226557
217.25	-60	-0.0339547962519142
217.5	-60	-0.033532667263922
217.75	-60	-0.0277190794301707
218	-60	-0.0301701735387678
218.25	-60	-0.0220358058045657
218.5	-60	-0.0361799485212259
218.75	-60	-0.0308485191349279
219	-60	-0.0283521104263524
219.25	-60	-0.0349271082798664
219.5	-60	-0.0308340204662585
219.75	-60	-0.0358706110762246
220	-60	-0.0294924104299688
220.25	-60	-0.0265221817613599
220.5	-60	-0.0308753828899944
220.75	-60	-0.0250829220935584
221	-60	-0.0291580326701151
221.25	-60	-0.0334098446791127
221.5	-60	-0.0226700707929648
221.75	-60	-0.0311993985948491
222	-60	-0.0289323770614981
222.25	-60	-0.0287486630304155
222.5	-60	-0.0316045307185114
222.75	-60	-0.0309789184891531
223	-60	-0.0294893574549501
223.25	-60	-0.0252760748706761
223.5	-60	-0.0364942572869099
223.75	-60	-0.0223537683505327
224	-60	-0.0368590804092107
224.25	-60	-0.0330695478124889
224.5	-60	-0.033689744313198
224.75	-60	-0.0360131736183102
225	20	0.027609671277091
225.25	20	0.0331571532414711
225.5	20	0.0346681910258484
225.75	20	0.0361127839619745
226	20	0.0337843656472071
226.25	20	0.0307947282349337
226.5	20	0.0395273752933437
226.75	20	0.0390385581883291
227	20	0.0346773780124378
227.25	20	0.0354108408515625
227.5	20	0.0369194210736006
227.75	20	0.0342537240772599
228	20	0.0398746539027537
228.25	20	0.0357790864025398
228.5	20	0.0262108070103175
228.75	20	0.0323177929794145
229	20	0.0326488212037411
229.25	20	0.0417264183958334
229.5	20	0.0303363326733776
229.75	20	0.0357245823508508
230	20	0.0252388969247172
230.25	20	0.0301375791267631
230.5	20	0.0370661570880434
230.75	20	0.0328077343942202
231	20	0.0374688279129858
231.25	20	0.0368332402458859
231.5	20	0.0232388099101582
231.75	20	0.0324575968392747
232	20	0.0255191043603017
232.25	20	0.028187790851018
232.5	20	0.0289545999391472
232.75	20	0.019433430188023
233	20	0.0197614514493356
233.25	20	0.0224275639280379
233.5	20	0.0248601277586097
233.75	20	0.0318254552660902
234	20	0.0218657095044544
234.25	20	0.0201094634766331
234.5	20	0.0236382695221395
234.75	20	0.0246662267908554
235	20	0.0230297709859885
235.25	20	0.0197535505878879
235.5	20	0.025446350629166
235.75	20	0.0176189970083449
236	20	0.0208828250302255
236.25	20	0.0252739666809006
236.5	20	0.0110059254339551
236.75	20	0.0183821196100621
237	20	0.0206084969066287
237.25	20	0.0160561583127115
237.5	20	0.0163645170514386
237.75	20	0.0230108087428287
238	20	0.0183186278407142
238.25	20	0.011569333387072
238.5	20	0.0164343921737612
238.75	20	0.0162569773304307
239	20	0.0180924143750059
239.25	20	0.00690492713090226
239.5	20	0.0141103613661005
239.75	20	0.0136787359533941
240	20	0.0115092413430967
240.25	20	0.021991454942369
240.5	20	0.00292397764566272
240.75	20	0.0214529590394824
241	20	0.00894672559055687
241.25	20	0.0136392344449569
241.5	20	0.0189445118793936
241.75	20	0.0174636742154468
242	20	0.0158319486739526
242.25	20	0.0136526175675072
242.5	20	0.014304778689799
242.75	20	0.0113755953595554
243	20	0.0126720129427048
243.25	20	0.007513100354214
243.5	20	0.00758889852871926
243.75	20	0.00794875596699739
244	20	0.00232016229760042
244.25	20	0.00342368599206312
244.5	20	0.0122790339751857
244.75	20	0.00772661596686401
245	20	0.00820246514385444
245.25	20	0.0102491565874835
245.5	20	0.00705731710847502
245.75	20	0.0173725527639395
246	20	0.00431008442463512
246.25	20	0.0106686870460916
246.5	20	0.00853706376933079
246.75	20	0.00952802084231793
247	20	0.00574801096404814
247.25	20	0.0124919268585342
247.5	20	0.00567551017695291
247.75	20	0.00400913609339191
248	20	0.00530823217185193
248.25	20	0.00754160788776746
248.5	20	-0.00279321726567042
248.75	20	1.71885229606639e-05
249	20	0.0128812422165502
249.25	20	0.00772428669068535
249.5	20	0.00683642774421518
249.75	20	0.00735270624639373
250	-60	-0.007642038458007
250.25	-60	-0.0161971071756307
250.5	-60	-0.0133837370242099
250.75	-60	-0.0128330281544448
251	-60	-0.0189376258966024
251.25	-60	-0.0263150231443436
251.5	-60	-0.0196041469973915
251.75	-60	-0.0188361770075636
252	-60	-0.0186737296494557
252.25	-60	-0.0330831521901201
252.5	-60	-0.0202507848547949
252.75	-60	-0.0331383582977218
253	-60	-0.0312253693598222
253.25	-60	-0.0177035357159629
253.5	-60	-0.0217894696043639
253.75	-60	-0.0221152611639131
254	-60	-0.0296434526062899
254.25	-60	-0.0276255643524926
254.5	-60	-0.022755071216417
254.75	-60	-0.0145641094390127
255	-60	-0.0285815269855381
255.25	-60	-0.0301881683339276
255.5	-60	-0.0331683229394133
255.75	-60	-0.0276137746877552
256	-60	-0.0322067145426596
256.25	-60	-0.02580179658286
256.5	-60	-0.0261745055319428
256.75	-60	-0.029410950532881
257	-60	-0.0259884541378466
257.25	-60	-0.0218582515270274
257.5	-60	-0.0413255637340985
257.75	-60	-0.0261496433286424
258	-60	-0.0261879499832585
258.25	-60	-0.0187174439870322
258.5	-60	-0.0347463867331874
258.75	-60	-0.0259596594146002
259	-60	-0.0279893882197785
259.25	-60	-0.0286954070036193
259.5	-60	-0.0278922980627229
259.75	-60	-0.0335254422830063
260	-60	-0.0300302734901453
260.25	-60	-0.0341974736076774
260.5	-60	-0.0219547400133265
260.75	-60	-0.0256436226670505
261	-60	-0.0251091969120329
261.25	-60	-0.0270658047236308
261.5	-60	-0.0303137072407902
261.75	-60	-0.0289965639345816
262	-60	-0.0287844826679259
262.25	-60	-0.0384973361369936
262.5	-60	-0.0216868976317139
262.75	-60	-0.0239532610461872
263	-60	-0.040756817412164
263.25	-60	-0.0290131204384788
263.5	-60	-0.0288620298046439
263.75	-60	-0.0404355682755813
264	-60	-0.0313051114823588
264.25	-60	-0.0256470366961165
264.5	-60	-0.0307078382254835
264.75	-60	-0.0303626022225779
265	-60	-0.029196806853083
265.25	-60	-0.02861830848064
265.5	-60	-0.0326357340067104
265.75	-60	-0.0324281023596139
266	-60	-0.0325071359244588
266.25	-60	-0.03364968112227
266.5	-60	-0.0281849695172904
266.75	-60	-0.0304617571034216
267	-60	-0.0236607056088048
267.25	-60	-0.0255550008413792
267.5	-60	-0.0281958126568835
267.75	-60	-0.0293263452481913
268	-60	-0.0299065726219525
268.25	-60	-0.0304353590501457
268.5	-60	-0.0313553574375231
268.75	-60	-0.0372465190524071
269	-60	-0.0246077989501255
269.25	-60	-0.0289577355703838
269.5	-60	-0.036920302395766
269.75	-60	-0.0285238131979115
270	-60	-0.0349759378250893
270.25	-60	-0.0328536084130079
270.5	-60	-0.0316134209645034
270.75	-60	-0.0338067412130495
271	-60	-0.034796081985579
271.25	-60	-0.027939936551271
271.5	-60	-0.0224615189174904
271.75	-60	-0.0287075907129187
272	-60	-0.0347068407381703
272.25	-60	-0.0313544141007528
272.5	-60	-0.0343908366009615
272.75	-60	-0.028804041913489
273	-60	-0.0339499010998216
273.25	-60	-0.0314763839427368
273.5	-60	-0.0363547072866315
273.75	-60	-0.0325646565653291
274	-60	-0.0312827366206908
274.25	-60	-0.0353122816669937
274.5	-60	-0.0293044041732106
274.75	-60	-0.0337893700486231
275	-60.134902729659	-0.0302982545626322
275.25	-63.4020743238976	-0.0335876659559437
275.5	-74.2116907313137	-0.0394043890740388
275.75	-88.7508191300878	-0.051662239285092
276	-97.4460909308704	-0.0467368954093139
276.25	-97.157895485823	-0.0453582073406886
276.5	-92.1731665266915	-0.0501632722188679
276.75	-87.7605295760459	-0.0355094488190443
277	-85.1706500984456	-0.0341583804882925
277.25	-83.8801939640805	-0.0331554075659893
277.5	-83.8588369808781	-0.0288795438476053
277.75	-82.2374033980682	-0.030726572444051
278	-77.5723050096433	-0.0236037312921536
278.25	-73.9247484863467	-0.0298031760516283
278.5	-74.6370002446531	-0.0332552331655735
278.75	-78.586918244449	-0.0194738447761929
279	-79.9339809168112	-0.0222677717246369
279.25	-72.7205819943399	-0.0219381658846076
279.5	-58.8874246057122	-0.0219421478025718
279.75	-47.9567832565963	-0.0209325671640277
280	-49.7998592619766	-0.0151676946687473
280.25	-64.6217965069676	-0.0300689426408924
280.5	-83.0113669648511	-0.0428000473861038
280.75	-96.7143757561296	-0.0359428182074348
281	-103.930971055485	-0.0392876689844219
281.25	-106.310387931102	-0.042008585053599
281.5	-103.886522433868	-0.0321519419502305
281.75	-98.5050998225747	-0.0374946875231147
282	-96.5761525474709	-0.0257545002309521
282.25	-100.315210930235	-0.0384844133200377
282.5	-104.217816061852	-0.0275607442045649
282.75	-103.466946371977	-0.0302199248325464
283	-98.3101548259801	-0.0235443847055596
283.25	-89.6882841156707	-0.0187912823932253
283.5	-78.5302788665537	-0.0185739738272539
283.75	-68.1938968816025	-0.0168298244435401
284	-59.8554792554412	-0.00694272660030742
284.25	-49.7256960432115	-0.0141525193737703
284.5	-38.423761224239	-0.0136278158036718
284.75	-32.4628637443941	-0.00417291998682677
285	-31.4099829676273	-0.00943857553417258
285.25	-29.1592799234076	-0.0118186748749199
285.5	-23.0672108802669	-0.00948289218816697
285.75	-13.1035010986198	0.0007504764203357
286	-4.39205413985761	-0.000537373012391605
286.25	-5.352631759706	0.00323647066864339
286.5	-17.6964786848373	-0.00453036151839201
286.75	-35.2344851572717	-0.0194807591255555
287	-49.3736130012573	-0.035383145129161
287.25	-53.9458655006414	-0.0333194027498466
287.5	-47.287341700227	-0.0315248062344514
287.75	-37.2689805673703	-0.0158446374635387
288	-38.8333610267763	-0.0190053532121566
288.25	-54.2331273147887	-0.0340461399723563
288.5	-69.6770716505951	-0.0403513025133409
288.75	-77.7584327033115	-0.0476671483655226
289	-84.6719726937263	-0.0608683179810828
289.25	-96.2137741256128	-0.0629218553426663
289.5	-107.917243355024	-0.0733112055524195
289.75	-105.706502674385	-0.0646862563464531
290	-81.3726565874037	-0.0451692688484263
290.25	-45.0336284506229	-0.0361227631292291
290.5	-13.6076451728674	-0.00253893240035144
290.75	1.06158112351422	0.0133941656094622
291	-7.08771862530265	0.0092825422825723
291.25	-33.4142106611749	-0.0244455738594296
291.5	-63.2548076554147	-0.048395846519994
291.75	-87.479482927537	-0.054515147514307
292	-104.879751107207	-0.0777161097797801
292.25	-110.044015077261	-0.0839437019281964
292.5	-99.7326317167644	-0.0630498655813408
292.75	-82.3338368210728	-0.0489578459262639
293	-69.106155679509	-0.0440720970319178
293.25	-65.4533731331226	-0.0351518848430286
293.5	-67.3538926366757	-0.0286572020845814
293.75	-64.9988010361108	-0.0341133858587221
294	-56.2799895751611	-0.0212382591938945
294.25	-50.1541201005318	-0.0239247642751932
294.5	-53.3135110324751	-0.0231237503241542
294.75	-62.1286004158255	-0.0340903954264632
295	-69.8167340685168	-0.0359259576321859
295.25	-74.2391225633709	-0.0378315279400665
295.5	-76.8910601584839	-0.0416841191291807
295.75	-78.0997821796114	-0.0457064767057131
296	-77.0885648690971	-0.0339025779756697
296.25	-74.8020268144868	-0.0391353421117068
296.5	-73.115782561251	-0.0357626510864319
296.75	-72.7342725746775	-0.0328804645353533
297	-70.8849111684495	-0.0327699289896197
297.25	-64.8209383951884	-0.0301203428725267
297.5	-59.6075830465561	-0.0261890386298936
297.75	-64.0671567238049	-0.0313336123537152
298	-77.5515582863324	-0.0363394732700071
298.25	-87.3194159646505	-0.0326454656332326
298.5	-84.1875799882266	-0.042864310536125
298.75	-73.8198877844023	-0.0290586031431896
299	-65.3195022074512	-0.0301425924771975
299.25	-59.3721458928898	-0.0204868812712652
299.5	-54.1963569302044	-0.01866161851824
299.75	-50.2000560023582	-0.0217147982121857
300	-43.7082111431304	-0.0122851244147212
300.25	-33.2018372195655	-0.0135508329932771
300.5	-26.3380890406332	-0.0153689399336355
300.75	-26.1977821231311	-0.00729961882339776
301	-27.4086108847602	-0.0100337573393124
301.25	-27.7099052762182	-0.0112698321957368
301.5	-30.127295458624	-0.020038101737281
301.75	-35.5810302016484	-0.0134138910079526
302	-38.7694425927713	-0.0239792569359843
302.25	-37.1533327883228	-0.0208814006467153
302.5	-37.7537383672725	-0.0226204960179638
302.75	-44.6209462709904	-0.0194387293945855
303	-50.6622389189723	-0.0322135014890323
303.25	-51.1068966231589	-0.0270819111609171
303.5	-49.5679039812492	-0.0258057529812793
303.75	-47.6353848517536	-0.0284740504716554
304	-42.5934750578831	-0.0242880221341288
304.25	-36.3192209464856	-0.027322127558002
304.5	-36.5239539729542	-0.0180337105957349
304.75	-45.0448950181821	-0.0246210592767296
305	-55.4496577954448	-0.0303068079088347
305.25	-61.9969090732469	-0.0290852394448221
305.5	-64.3355970654795	-0.0354944368987237
305.75	-67.8461093928446	-0.0367111581273811
306	-78.1942823349931	-0.0497097730003025
306.25	-94.8535297401833	-0.0605126561169929
306.5	-110.837166803336	-0.073186572634848
306.75	-119.107113107348	-0.0744489364811515
307	-120.669470661642	-0.0750269051976129
307.25	-121.995046717908	-0.0838444867533675
307.5	-125.206481954525	-0.072625379681648
307.75	-126.901043563375	-0.074061954344539
308	-123.432271593836	-0.0705172689817369
308.25	-113.055643254738	-0.0685188278159204
308.5	-95.9418483805698	-0.0477360647388339
308.75	-73.8824449934423	-0.0282425900083693
309	-52.5432788833534	-0.0241829733953286
309.25	-42.0607626812964	-0.0185552759405723
309.5	-46.6237172048525	-0.0183146065277765
309.75	-59.2167393598907	-0.02961433413739
310	-69.8004196648548	-0.0370122795618381
310.25	-72.1953028427544	-0.0340717889875865
310.5	-68.238559191789	-0.0347273747834292
310.75	-63.0542874633738	-0.0281444204361824
311	-56.7640636008869	-0.032080787523936
311.25	-50.874425336123	-0.0266297993616522
311.5	-53.4240606231213	-0.0280863401532242
311.75	-66.9509135844369	-0.0352180306285155
312	-82.386704069735	-0.0451666951101086
312.25	-93.6126032341468	-0.0471284494894407
312.5	-104.221452044122	-0.0529887089510099
312.75	-113.691654458648	-0.0523587736144161
313	-116.197796843473	-0.0561111117763885
313.25	-113.758958780391	-0.0524798078335558
313.5	-112.3927888471	-0.0520232533938068
313.75	-112.427100922682	-0.041856730897797
314	-109.537133938292	-0.041152471408607
314.25	-100.025051431559	-0.0383149575566771
314.5	-84.9505507128976	-0.031200583266589
314.75	-68.0062877900923	-0.012785552225745
315	-54.0979006020454	-0.0207361380116875
315.25	-47.693989132475	-0.0166580333238804
315.5	-45.8983254636887	-0.0178447098637058
315.75	-42.2038121624722	-0.0117908378478677
316	-38.8177803249351	-0.0165390549047691
316.25	-43.7003683648866	-0.0214678719216808
316.5	-57.119026545375	-0.0350927134202671
316.75	-71.2755659026953	-0.0420914221974162
317	-79.5245253168134	-0.038725917557639
317.25	-82.1455144675722	-0.0393026349043472
317.5	-85.440938747954	-0.045476184750536
317.75	-92.1117976206603	-0.0457250384654722
318	-96.8117927228533	-0.0424434212821871
318.25	-93.6095930651856	-0.0379349970182613
318.5	-81.5845886048709	-0.0395926797940008
318.75	-65.3087677890052	-0.0203574930928993
319	-50.6327491642076	-0.0243320075202839
319.25	-40.4375097481653	-0.0196487653737856
319.5	-37.0048614060279	-0.0167106559110384
319.75	-39.9490315535394	-0.010700591290484
320	-42.7291403677715	-0.0215520774214265
320.25	-41.4667541293431	-0.0174619363597633
320.5	-39.4761356872269	-0.0244300806637451
320.75	-39.4056796067768	-0.015269471387291
321	-40.7292086107952	-0.0240314428529894
321.25	-43.4514041310176	-0.0175176497857162
321.5	-51.358126914965	-0.0257522834524988
321.75	-66.6518902350482	-0.0417599133652999
322	-81.7236059571551	-0.0493394316522279
322.25	-88.177707561975	-0.0472745634468858
322.5	-85.3704486464445	-0.0560807694955064
322.75	-77.2117964535871	-0.0443916455711258
323	-69.750799272139	-0.0376364524029196
323.25	-65.0212650382009	-0.0283996704331984
323.5	-58.5370797660299	-0.0396312738019451
323.75	-47.4229260170897	-0.0206275757345461
324	-33.4643445606608	-0.0126091976096312
324.25	-20.46907347417	-0.0022766304658111
324.5	-13.8867191878948	-0.000579496672311077
324.75	-18.3516071288101	0.00113240531662669
325	-35.5076769682124	-0.0112197404069371
325.25	-61.9429865849808	-0.0397902925643933
325.5	-87.1203077694047	-0.0534655718099289
325.75	-99.0000899725536	-0.0667014900957031
326	-92.3616544888415	-0.0570845153652997
326.25	-70.8392198430725	-0.0390147625583828
326.5	-42.1546395289301	-0.0194898628792292
326.75	-13.332002336131	0.00342937471876063
327	9.47890283819667	0.0218131816647401
327.25	19.7901961090619	0.0208662351353888
327.5	12.305863795129	0.0231770821307494
327.75	-11.1533036541943	0.00343610792488755
328	-39.737854412122	-0.0229465901701805
328.25	-59.6475316131825	-0.0361868495086377
328.5	-63.6235086739838	-0.0516298051295141
328.75	-56.8528852970773	-0.0387285172219299
329	-48.8876240880961	-0.0255016521820146
329.25	-42.9108775893186	-0.0245209885238273
329.5	-39.3164951282487	-0.0256544227041218
329.75	-40.8030966610459	-0.0169754649235542
330	-45.5270069187405	-0.0258276657842673
330.25	-47.8036710307391	-0.0294029755867629
330.5	-50.9949949902552	-0.0315478439516789
330.75	-63.0910698117994	-0.041366194089338
331	-82.4322578033962	-0.0523590591050895
331.25	-98.0554722823929	-0.0651979642144989
331.5	-98.0763037713465	-0.0624432446172459
331.75	-79.642691536302	-0.0492465897214336
332	-51.4992717655337	-0.0354400531524958
332.25	-26.8582404254324	-0.0162544118424959
332.5	-17.1977864893927	-0.00898381483823557
332.75	-25.4764223774204	-0.0044895619811865
333	-43.6301507053286	-0.0264076201516648
333.25	-60.0830228438694	-0.0363861363336208
333.5	-67.5379767858895	-0.0418812634671597
333.75	-65.959252732353	-0.0329578910791948
334	-60.9238735121251	-0.0407206628504641
334.25	-59.8590507401066	-0.0344264293416482
334.5	-67.0243550193345	-0.030650699685456
334.75	-77.6578640056297	-0.0404825215899817
335	-84.0379896947003	-0.0517036661663686
335.25	-84.3658292669631	-0.0534347006518483
335.5	-77.3034282751583	-0.045043247050565
335.75	-61.6456544962281	-0.0273452185236669
336	-43.2663217876224	-0.0217406661429708
336.25	-28.5909375820654	-0.0145719164017038
336.5	-19.9830446138407	-0.00527516345777214
336.75	-19.8104461185703	-0.00231572826934787
337	-27.0846523222854	-0.0145596940314658
337.25	-38.3993098968375	-0.0222611875629634
337.5	-52.6120151637573	-0.0302493638588984
337.75	-67.4270931002115	-0.0434326059049841
338	-81.4089657407725	-0.048574144896249
338.25	-96.8941778828066	-0.06530411087053
338.5	-112.719918262981	-0.0730357617782258
338.75	-122.45585090324	-0.0826464993499107
339	-120.844613170775	-0.079414370304942
339.25	-109.454632333045	-0.0640086115656076
339.5	-96.4951514648382	-0.0574536920375977
339.75	-87.630414401689	-0.053947265605648
340	-83.7751731586976	-0.0457414527782172
340.25	-84.1268809955938	-0.0401281448619327
340.5	-83.3774464371684	-0.0376239389084172
340.75	-75.7314967163595	-0.0284641055942472
341	-61.3720786501925	-0.0266477427004688
341.25	-45.7051078300537	-0.0219870455714116
341.5	-36.3294088834959	-0.0200233621078147
341.75	-37.6772459705082	-0.0133134059583005
342	-47.2782584208136	-0.0254387917311823
342.25	-59.5744977645661	-0.0378327485331158
342.5	-69.5973148741518	-0.0438540477637712
342.75	-72.8766130961572	-0.042044643830778
343	-68.3931488329023	-0.0350571510890105
343.25	-59.5584545327973	-0.037138779268786
343.5	-47.7310503149572	-0.0236050540516467
343.75	-30.8110844585099	-0.0114443063666929
344	-10.1132664134355	0.00529114465338672
344.25	7.24393562685137	0.0106547307862549
344.5	14.1626247534434	0.0252912624716545
344.75	10.0991741002183	0.0204489496760636
345	1.19805997677034	0.0166852798769295
345.25	-6.38073730900154	0.00355091167532538
345.5	-13.7266849726286	0.000143239098856224
345.75	-25.893993675298	-0.0095857264077617
346	-42.3463779644439	-0.0287079484397004
346.25	-58.6078905406932	-0.0456278420353615
346.5	-71.512231529472	-0.0536659567065067
346.75	-76.5437560535347	-0.0660310236527197
347	-70.7660772387691	-0.047485219412525
347.25	-59.0462519880263	-0.0417954501484741
347.5	-49.3493410293329	-0.0330625631310225
347.75	-46.5569783723587	-0.0318688777338629
348	-52.0088323882089	-0.0323178548794157
348.25	-62.6678396526972	-0.0408347794959166
348.5	-73.3399000838226	-0.046978779895464
348.75	-79.0052842796136	-0.0517809057274508
349	-75.1828931270998	-0.0413817165592472
349.25	-65.4394403198307	-0.0352269615446855
349.5	-60.5545459147356	-0.037868838666782
349.75	-66.4004952386249	-0.0390844964925161
350	-78.539290583297	-0.047343233934472
350.25	-86.0494256009784	-0.0532287468290321
350.5	-82.8767703137692	-0.0437683271906687
350.75	-72.8322252816848	-0.0382909543919541
351	-64.5022405308877	-0.0317265258327811
351.25	-63.1466251526496	-0.0289684556797467
351.5	-64.297703451035	-0.027832152812328
351.75	-62.6591595907519	-0.0281027037763043
352	-60.1576938248996	-0.0276853247563096
352.25	-56.9297029229527	-0.0310574898634181
352.5	-50.1915950187072	-0.0211488882634034
352.75	-42.9287328326052	-0.0173536665459644
353	-41.9547831148325	-0.0149082965992934
353.25	-47.6049274287854	-0.0298245507483764
353.5	-50.7924268051721	-0.0229774230870009
353.75	-45.9926447064068	-0.0303523148666529
354	-40.1477004811864	-0.0185094058333036
354.25	-42.9127613160078	-0.022278454887274
354.5	-53.3868079380241	-0.0315459698878697
354.75	-61.0362906588673	-0.038478108416949
355	-61.0609644351322	-0.0337427414554963
355.25	-61.184738045792	-0.0376590919809518
355.5	-70.3066959342997	-0.0410516504812777
355.75	-87.3913085843087	-0.0511894056125871
356	-104.946598033081	-0.0562113563771579
356.25	-117.295801956121	-0.0718574892963147
356.5	-121.777751060217	-0.0666677582179927
356.75	-120.146153262582	-0.0664775700028573
357	-119.362010140124	-0.0656899317539556
357.25	-122.930443013544	-0.0664747342279916
357.5	-125.738056187022	-0.0657173080928033
357.75	-120.676894877694	-0.0512958178886689
358	-105.134901417297	-0.0432735293897883
358.25	-84.5609218513954	-0.0272103880797664
358.5	-68.3359280892532	-0.0242375911134311
358.75	-61.1081040467008	-0.0202791616907541
359	-62.6779469743645	-0.0172862874553423
359.25	-71.1377934065884	-0.0315013007880795
359.5	-84.4551045653422	-0.0361480248499682
359.75	-100.70105751393	-0.0357328904165922
360	-115.374388904451	-0.0345895815457875
360.25	-119.868610425935	-0.0421835032349745
360.5	-109.640265075121	-0.040649121270867
360.75	-89.7066393366059	-0.0280067922318734
361	-66.9333708555802	-0.0213603733645088
361.25	-47.7902777208689	-0.0150284170014045
361.5	-37.7528593755118	-0.00555665987126481
361.75	-37.3739008396681	-0.0128701808190938
362	-43.9029859859217	-0.0257607417511624
362.25	-50.3259214901725	-0.0238600149475837
362.5	-50.7755204296424	-0.0245688607641644
362.75	-50.3167835275807	-0.0257743242387097
363	-52.7358919522303	-0.0213397154576954
363.25	-51.8356364449835	-0.0294484401674342
363.5	-48.1599285077985	-0.0300624264364868
363.75	-50.1293032288287	-0.0300757975926476
364	-57.4711439118791	-0.0299854380983945
364.25	-63.2503995242386	-0.0354623673537463
364.5	-65.8164066853102	-0.0388452155379261
364.75	-67.4652636516523	-0.0341120658830088
365	-70.7557487864643	-0.0413617050431091
365.25	-78.2924938380784	-0.0488956798103962
365.5	-86.1686869229571	-0.0478898929340269
365.75	-87.2749009081483	-0.0488409525029593
366	-80.8616823544167	-0.0451832766391857
366.25	-71.9477375528318	-0.0378887359165127
366.5	-66.0467595349014	-0.0216201957537701
366.75	-61.225088997324	-0.0274527055973943
367	-53.1197579437922	-0.0211475680524705
367.25	-46.2510549879086	-0.0155241462834024
367.5	-47.9110124630521	-0.0218568703184275
367.75	-59.4567711394171	-0.0273505869140109
368	-75.438946112404	-0.0430355422803616
368.25	-85.3250358407007	-0.0384122630136203
368.5	-82.8990628123296	-0.0456577104409894
368.75	-73.8862791265497	-0.0349405802092899
369	-67.6935747058361	-0.0313281674224718
369.25	-65.2659014256161	-0.0282605779507115
369.5	-61.4623939164162	-0.0257957552721435
369.75	-58.6523301849074	-0.0263310343816935
370	-63.9526326791652	-0.0285402259552715
370.25	-74.9946877397813	-0.0343623629932128
370.5	-85.3107587338737	-0.0346562908773957
370.75	-91.2800603738909	-0.0390643602341132
371	-89.223133854411	-0.0419121831056677
371.25	-79.9751944728072	-0.0364051701914633
371.5	-68.5480043278895	-0.0186406437416946
371.75	-58.8756632241889	-0.0265155658773386
372	-55.2372475978854	-0.0138926656831165
372.25	-59.6398394682532	-0.0229398475591797
372.5	-67.3230844591617	-0.0282213507856935
372.75	-72.9628576969146	-0.029800426937282
373	-78.871675257782	-0.0363710608505662
373.25	-87.9217173245359	-0.0432224741240638
373.5	-96.8671796692313	-0.0343380052283877
373.75	-102.205690211972	-0.0364603625520837
374	-101.579862861127	-0.0370336101184441
374.25	-93.7508150540409	-0.0313682919252884
374.5	-82.3428242956981	-0.020834389073527
374.75	-73.4407386196283	-0.0185759866557164
375	-68.4236772040279	-0.0224893819962417
375.25	-63.3429226550303	-0.0274027328460269
375.5	-55.8677462869155	-0.0174810005580779
375.75	-47.476467698617	-0.0200356941960868
376	-43.8699130552413	-0.0126379508611676
376.25	-55.487579635669	-0.0245767021831712
376.5	-82.0153687473726	-0.0370441543492346
376.75	-105.568265993397	-0.0527104728829335
377	-112.775621060408	-0.0384392102891291
377.25	-105.646134259452	-0.0443665885545389
377.5	-91.5272081999858	-0.0311933570805571
377.75	-76.4705608835162	-0.0294699329794519
378	-64.0155757801191	-0.0264513013818896
378.25	-55.8370502323277	-0.0207104589903437
378.5	-51.6668736505879	-0.0140571673816268
378.75	-48.8342836116311	-0.0199470490146808
379	-45.2425256466645	-0.0145031396626841
379.25	-41.1435373041177	-0.016559548920687
379.5	-36.9541119759116	-0.0159604492662376
379.75	-35.5337422205407	-0.0244803507032015
380	-41.7591580448914	-0.0223101773945859
380.25	-51.1534863995746	-0.0294615791386388
380.5	-54.1228031741894	-0.0324630448105249
380.75	-48.3568639025877	-0.0254286502973516
381	-33.6443140423895	-0.0140310950511253
381.25	-13.5515370761413	-0.00427458899193028
381.5	-0.762293774649436	0.00841278849313485
381.75	-4.99967240011922	0.00401407485150014
382	-21.7936483920606	-0.0178445079276201
382.25	-39.3316232001595	-0.0238874293533298
382.5	-48.1015552784259	-0.0359125917847189
382.75	-42.0606944623588	-0.0285333650870972
383	-25.6872629065558	-0.00439058198808675
383.25	-15.6294783273285	-0.00339992274286191
383.5	-24.7883341270911	-0.00580433145251323
383.75	-47.8998103033412	-0.0232106612032572
384	-68.7573152208351	-0.0507082247248588
384.25	-78.7697738239636	-0.0521846964665042
384.5	-78.6942450449891	-0.0550264059968746
384.75	-72.2798490610264	-0.0542393443077108
385	-65.1206668341264	-0.0460050840743845
385.25	-60.8399138085333	-0.0407393854544772
385.5	-59.5778173986825	-0.0300546672799467
385.75	-60.50189252488	-0.0358648529461488
386	-64.1661958704609	-0.0383849202015275
386.25	-73.6393162441638	-0.0359950008741068
386.5	-87.8349626667596	-0.0523572714621774
386.75	-96.9808134619053	-0.0521103532189715
387	-91.8667808075116	-0.0493519392454749
387.25	-73.9420155606306	-0.0376718277536758
387.5	-53.5850454126375	-0.0208653273455019
387.75	-41.4556625806064	-0.0138411319096876
388	-41.8744708419742	-0.0187898190794622
388.25	-49.7707510867929	-0.029550325069467
388.5	-55.2378984903321	-0.0334266173013415
388.75	-53.6031256357401	-0.0221410317385004
389	-46.4122636578487	-0.0166936036868992
389.25	-36.0731059022578	-0.0134368367620937
389.5	-28.1058433077512	-0.0087590947548952
389.75	-28.8709188680154	-0.0125306464266946
390	-33.1499341800321	-0.0116721528652509
390.25	-31.7606694487286	-0.0186195795342106
390.5	-29.8387667916873	-0.0136484953744201
390.75	-38.4072027674526	-0.0141661994511243
391	-56.7622461941812	-0.0309184909650869
391.25	-74.2463305635269	-0.0489423125541506
391.5	-82.9764875126392	-0.0523711705378796
391.75	-80.902019164008	-0.0437115498617314
392	-67.9840207859029	-0.0407408591325719
392.25	-48.9632123600228	-0.0318265133125696
392.5	-32.5744877224344	-0.020695371914626
392.75	-26.2971502420866	-0.00718350157411041
393	-34.3732813420771	-0.0188230368004702
393.25	-51.9792593502119	-0.0272405870178103
393.5	-66.3268243151678	-0.0441896289929323
393.75	-70.8125211783186	-0.0444273242064862
394	-69.6985302951341	-0.045501341925154
394.25	-67.7973599077076	-0.0354436345860025
394.5	-64.9911188260288	-0.0377035743787619
394.75	-60.5714850005584	-0.0340058292331588
395	-55.4098236617037	-0.0295058389141048
395.25	-50.1165114858812	-0.0274394516025676
395.5	-43.3533051103189	-0.0208170904157243
395.75	-34.2321705240487	-0.0126557528834041
396	-26.0907847964211	-0.00904582003703952
396.25	-22.8661042704554	-0.015065428355399
396.5	-24.9601761185974	-0.0113481188058437
396.75	-30.9259716696754	-0.0155240693329441
397	-40.8979004296708	-0.0244808228344166
397.25	-55.2516768974348	-0.0215050804909997
397.5	-68.9749592025603	-0.0393334586718314
397.75	-75.9023608398407	-0.0491127010325335
398	-76.5851056274627	-0.0487455897919524
398.25	-76.4560551033517	-0.0447711515664687
398.5	-80.1770604664351	-0.0448654056258884
398.75	-85.6247310304636	-0.0501476577842461
399	-82.5619197799408	-0.0433878724178075
399.25	-63.0232332301906	-0.0358644198865848
399.5	-32.3544693221853	-0.0145502066602436
399.75	-5.38370408839863	0.00908204227084742
400	6.98139257473444	0.0160512835352054
400.25	4.05423063401153	0.0195142347186259
400.5	-8.17876082943242	-0.00167540044203209
400.75	-22.5167037402572	-0.0129902241190007
401	-34.859435151712	-0.021311417465766
401.25	-44.9275521545368	-0.0280086221674158
401.5	-53.6079942668636	-0.0296539158495987
401.75	-60.8936876839941	-0.0433514192585572
402	-64.4548280970554	-0.0375966033970228
402.25	-65.3524403931701	-0.0454645819865579
402.5	-71.8736761957139	-0.0407064285907932
402.75	-86.2240486044863	-0.0547761698889964
403	-98.8312911835448	-0.0668705551486088
403.25	-102.181132507239	-0.0716931408702638
403.5	-98.4229846812946	-0.0628345806204999
403.75	-92.2531283748873	-0.05961469710496
404	-84.0659077630142	-0.0561067069995791
404.25	-73.7160792442128	-0.0370368131245472
404.5	-64.1016755686224	-0.0333024614651488
404.75	-57.6082941903063	-0.026903197314741
405	-56.7745784182759	-0.0271195623814048
405.25	-65.4735894006681	-0.0346938552106335
405.5	-83.2089630244634	-0.0437541025442113
405.75	-100.290034961863	-0.0509597098715606
406	-104.000671300292	-0.0511779962794911
406.25	-91.7898367613403	-0.0431102377031393
406.5	-73.6676617389924	-0.0330253670816504
406.75	-61.4921978702673	-0.0303217492987559
407	-59.0638365759674	-0.0232594779406375
407.25	-63.1540362283767	-0.0267558121193884
407.5	-69.5993804301499	-0.0288792932281922
407.75	-72.7010219282392	-0.0412894567877336
408	-66.0396592702402	-0.026538011649129
408.25	-52.9978093170167	-0.0198836722779678
408.5	-44.2830455808145	-0.0184263171371123
408.75	-41.433380971208	-0.0135484566124878
409	-37.8887576496932	-0.0165421039616881
409.25	-31.5665430609249	-0.0152526246655078
409.5	-27.1621752633649	-0.0065834102484377
409.75	-30.3248186318327	-0.0109455758353269
410	-41.5216670355455	-0.0251019461488698
410.25	-56.3891541460157	-0.0335844706980508
410.5	-70.9556570348823	-0.0459830962535232
410.75	-84.2190966879063	-0.049971516131722
411	-97.6263772021433	-0.0593210528171454
411.25	-109.206956147923	-0.0685707899475454
411.5	-111.930929298105	-0.0678595059820827
411.75	-104.5951549678	-0.0632993883080749
412	-92.7962489738939	-0.0444902874365215
412.25	-78.8819629414497	-0.0373115206672235
412.5	-63.3570933496975	-0.0222100562091702
412.75	-51.5846171746534	-0.0258350065967268
413	-47.820563137303	-0.0204515694893964
413.25	-47.7446114220301	-0.0240066794062625
413.5	-47.8377261330749	-0.0249569102127513
413.75	-51.7921473950384	-0.0336887149049662
414	-61.5143695580199	-0.0357009828678095
414.25	-73.985472746753	-0.0361886780120917
414.5	-86.1524932643654	-0.0556316055292614
414.75	-95.3979142828972	-0.0412080346006274
415	-98.3966527812924	-0.0503920280192784
415.25	-93.1056512356838	-0.0454553114186008
415.5	-80.9457173307401	-0.0331067291460247
415.75	-66.5090525529453	-0.0283183380055401
416	-56.000105730189	-0.0310739367166993
416.25	-51.7776263189667	-0.0270184570860513
416.5	-48.3250710719832	-0.0209593933737029
416.75	-40.864049695029	-0.0154220729038776
417	-32.2435036725769	-0.0136295929281743
417.25	-28.9292787602543	-0.0194599432254155
417.5	-38.0472159909627	-0.0229035695128577
417.75	-60.4325523098465	-0.033985824916634
418	-85.3303344177721	-0.0559054546913101
418.25	-103.334802995537	-0.0568207766159615
418.5	-112.697656279714	-0.0646973820535097
418.75	-108.91280804371	-0.0609578086644675
419	-86.9361925714847	-0.0395856007866279
419.25	-52.5716181881255	-0.0274834150656547
419.5	-21.3535921412402	-0.0043301719606396
419.75	-6.48342247167361	0.00529938765718906
420	-10.6262961687529	0.00548283521780379
420.25	-26.5817511076574	-0.0151022914291966
420.5	-41.9777100383248	-0.0260159342531608
420.75	-46.903804598869	-0.025631721073402
421	-41.0734883163128	-0.0256963150943329
421.25	-33.7997281376033	-0.0304034261100523
421.5	-32.2813385016644	-0.0179882322366997
421.75	-35.0304090074027	-0.0259689248919199
422	-39.6047779449342	-0.0222151548982519
422.25	-46.0236817993834	-0.0228744525183611
422.5	-55.2022649443824	-0.0392067763600597
422.75	-67.2777662671365	-0.042423592891704
423	-78.4564482447823	-0.0556047136250984
423.25	-83.1996396363589	-0.0606109894409785
423.5	-81.0585288542004	-0.0467113727110782
423.75	-76.5578289079892	-0.0510993810628482
424	-74.2962067442561	-0.0252269452360844
424.25	-75.6766783648835	-0.0494193224745599
424.5	-74.9966218742053	-0.0382832025900214
424.75	-66.4789120833479	-0.0294388149698595
425	-52.7955179593163	-0.0341475424553053
425.25	-37.5133145885242	-0.0144352165333971
425.5	-21.0648074885348	-0.00744078627257253
425.75	-6.05646830647476	0.00464968794377957
426	-0.711770921138381	0.018471845912641
426.25	-14.8758244139245	-0.00366071129375699
426.5	-46.5123322769176	-0.0197505314567721
426.75	-78.3191490183226	-0.0608502404149064
427	-94.7986000245762	-0.0608223653050389
427.25	-94.9296132582162	-0.0687771228564222
427.5	-85.6024763309581	-0.0554779294598783
427.75	-71.6030347145759	-0.0447263407704199
428	-57.6878008302403	-0.0398970290222036
428.25	-54.6051313309908	-0.0308765196258956
428.5	-68.5930444678608	-0.0368094865819925
428.75	-90.8387390216781	-0.0529169295964229
429	-107.253618116489	-0.0660462091429056
429.25	-109.172067065245	-0.0563483501676314
429.5	-97.7527883084275	-0.0459805441884019
429.75	-81.509509771114	-0.0421321975755747
430	-66.8842844435437	-0.0252225303843387
430.25	-56.2967588863738	-0.0277435971259571
430.5	-52.3537904975869	-0.0267450904552106
430.75	-56.2405296472439	-0.027490331119327
431	-64.8981844662799	-0.0316083043861869
431.25	-73.6122807005803	-0.0346618725137218
431.5	-77.7811384505533	-0.0391034748688002
431.75	-74.5865117859764	-0.0436091998607473
432	-65.6208593286243	-0.0334404413921695
432.25	-57.0162661699063	-0.0227371026882872
432.5	-56.4240687991388	-0.0210011298513497
432.75	-66.7451943320112	-0.0252255907892996
433	-81.7712742957406	-0.0403177424673254
433.25	-88.9744044319048	-0.0422612317292377
433.5	-81.7336279879277	-0.0394370911282207
433.75	-67.3881780578582	-0.0219481672430604
434	-57.6912845625132	-0.0259018991276842
434.25	-57.0105415342882	-0.0188959086169385
434.5	-61.1625136444464	-0.0265059393801161
434.75	-64.6506056498969	-0.0205013316212617
435	-66.8791481907702	-0.0310592954489138
435.25	-67.9976463650903	-0.0294178934555883
435.5	-65.9458923678551	-0.0289047180432394
435.75	-61.2800985449915	-0.0262347933869888
436	-58.10651888249	-0.0246456532806766
436.25	-58.6760980341549	-0.0286355894901258
436.5	-60.3526416905231	-0.0239535371031127
436.75	-60.8140035517506	-0.0249384996862041
437	-61.1676200691164	-0.0312701232242627
437.25	-59.7428655076026	-0.0276445679842991
437.5	-52.7146766235283	-0.0244500428783604
437.75	-43.8482856966697	-0.0215653542721749
438	-40.1626730313856	-0.0213693096066548
438.25	-42.2060090293086	-0.0197698494557089
438.5	-48.6206830872274	-0.0325810994897873
438.75	-57.9042422138071	-0.027012841132118
439	-66.0851015719882	-0.037036976982468
439.25	-71.1154375795541	-0.0474152105978016
439.5	-74.973633263309	-0.0380866814449757
439.75	-76.9433521786577	-0.0427956594754959
440	-70.0199831387086	-0.0420442003796667
440.25	-53.4719659010967	-0.0254202452814273
440.5	-37.4267406592905	-0.0178419684696598
440.75	-30.4826198671152	-0.0215419884529315
441	-34.677961096744	-0.0189042352965603
441.25	-46.0266868352272	-0.0253436134077478
441.5	-55.6552618808055	-0.0345368021935129
441.75	-55.1865320124918	-0.027392889118886
442	-44.810892844198	-0.0249079999416486
442.25	-35.96520635918	-0.019518877432311
442.5	-39.3444677337794	-0.019834969058226
442.75	-52.964113661746	-0.0286364677577096
443	-65.465835633925	-0.0400418003553242
443.25	-67.6708482308897	-0.0431297136579771
443.5	-59.8709937661528	-0.0373184031732522
443.75	-50.688392982033	-0.0339982136128821
444	-49.5006450616882	-0.0300915940266089
444.25	-58.1548959019194	-0.038888059201416
444.5	-71.3124014942448	-0.0398105750127457
444.75	-80.7969102213749	-0.0532853557562916
445	-78.7030029678229	-0.0414655009554755
445.25	-64.3098231505445	-0.030334868438178
445.5	-48.0537786356758	-0.0219872379291961
445.75	-41.6185040661529	-0.028026892559966
446	-45.9168387832675	-0.0249470748351249
446.25	-55.3790446394228	-0.0300210788281313
446.5	-65.9058532341972	-0.0316127473213751
446.75	-75.3192698919629	-0.0397751037295319
447	-84.3129245761775	-0.0488839605507515
447.25	-94.0106764802944	-0.0445353809960145
447.5	-102.726878514903	-0.0583384993147377
447.75	-108.329665676407	-0.0548228377895813
448	-111.818592300468	-0.0572675457042467
448.25	-115.23637697442	-0.0564841354513107
448.5	-114.282153621801	-0.0503431750051325
448.75	-105.10274778029	-0.0423945768509299
449	-96.8779910597175	-0.0476660108706796
449.25	-97.0140124952784	-0.0421224176395006
449.5	-96.1116568635689	-0.0346582137650966
449.75	-84.7596559382707	-0.0245244138563399
450	-64.2879830687228	-0.0220682231721013
450.25	-39.8706994736576	-0.0154287778881434
450.5	-20.061587034821	-0.00621644254019854
450.75	-12.9316549487586	5.48767382125984e-05
451	-18.0018533652523	-0.00330366232901799
451.25	-27.7968750881475	-0.0117659209702919
451.5	-36.4555500606533	-0.0172141913909718
451.75	-43.1745366687091	-0.0253952391196929
452	-48.0759206138451	-0.0303529210793365
452.25	-52.0532962766026	-0.0315094716935863
452.5	-56.1261569719793	-0.0445750265318154
452.75	-58.8484900687681	-0.0379292781268638
453	-58.670831503466	-0.0327546221668641
453.25	-55.3855333411004	-0.0406535676650233
453.5	-50.144442174517	-0.0274679052536666
453.75	-47.4674601548119	-0.0295717291421066
454	-52.0623994599455	-0.0312916120213676
454.25	-63.2326112049568	-0.0357949307440994
454.5	-77.0732545188823	-0.0453353392139576
454.75	-88.2207944481605	-0.0551460712946106
455	-91.2998068721371	-0.0517898101098796
455.25	-83.7883743012128	-0.0565879613832334
455.5	-68.7529465531606	-0.0365375030241951
455.75	-54.3877729291184	-0.0328832632087524
456	-45.1663242956533	-0.0250382100237705
456.25	-41.8871356482588	-0.020182036682018
456.5	-45.9758914449677	-0.0257453264467614
456.75	-55.8765775536232	-0.0326200479913918
457	-69.0865919084043	-0.0375382219645517
457.25	-83.3018036592845	-0.0450152635452895
457.5	-91.4494792036227	-0.0477153581188574
457.75	-87.4755279252377	-0.0445014319350735
458	-74.934519185246	-0.0452458849156054
458.25	-63.1905341025678	-0.0342366023185493
458.5	-56.7109306285795	-0.0310440488731333
458.75	-49.680246385882	-0.0269926269258525
459	-36.4918442181595	-0.00911847271718884
459.25	-22.8001131109801	-0.0107506876932158
459.5	-16.7698174202582	-0.00301660447968686
459.75	-18.4182779066075	0.00226063394734405
460	-25.2078013219227	-0.0144328889718692
460.25	-34.7312927919487	-0.0149571857356865
460.5	-41.4171535689057	-0.0280920985053768
460.75	-43.9608278243435	-0.0208940034160956
461	-46.0418931263172	-0.0196751739732031
461.25	-46.5120351277545	-0.0232294271576105
461.5	-44.1075754599636	-0.0247807235172232
461.75	-42.0405963696143	-0.0314459464105127
462	-41.789947054766	-0.0223458006674803
462.25	-43.5273681691056	-0.026364540844022
462.5	-47.4881566280545	-0.0304973708829724
462.75	-55.1109206603705	-0.030322912801203
463	-67.0831396602359	-0.0408886200861088
463.25	-76.5463624767535	-0.04817922042834
463.5	-77.2893823303856	-0.0424410330293298
463.75	-70.7489557790939	-0.0393931293437089
464	-59.3511082692253	-0.0279903048045237
464.25	-46.3528719675792	-0.0277872995916455
464.5	-36.1134922719968	-0.0216119532165695
464.75	-31.793423186821	-0.0166218964111516
465	-34.8799441698127	-0.020516518359289
465.25	-41.0974056135003	-0.0296062376291064
465.5	-41.2565349630231	-0.0210293600075813
465.75	-30.8668766862205	-0.0166410035883889
466	-17.2109683650376	-0.00934424866636007
466.25	-10.7159211006329	0.00114194190901998
466.5	-10.2655753370737	0.000394532990849072
466.75	-8.97311853130642	0.00946313769371602
467	-7.5394655209615	0.00325634329128787
467.25	-8.81597853396183	0.00480594367833874
467.5	-9.7928208892743	0.00841290144675546
467.75	-7.63237654405575	0.0081180773112081
468	-6.234975768079	0.0159798202614425
468.25	-11.6414525813278	-0.000610578597971306
468.5	-24.9667201184633	-0.00716255791281026
468.75	-43.7643130061036	-0.0174772604097092
469	-64.6048082598838	-0.0414519294956711
469.25	-82.5401308121985	-0.050140362703537
469.5	-93.3317934825918	-0.0592471767785084
469.75	-95.0418557995937	-0.0736678657155463
470	-87.6641234449591	-0.0593209395900933
470.25	-74.9919541489688	-0.0549874428285035
470.5	-64.2301772517974	-0.038268504685862
470.75	-61.6578234600258	-0.035910308376583
471	-67.4684701962985	-0.0283512407811302
471.25	-75.5045799541418	-0.0504618112373582
471.5	-81.011229373383	-0.0463704295276955
471.75	-82.7924972331089	-0.0438561706174977
472	-79.3690448051742	-0.0420709513866704
472.25	-71.1845317451702	-0.042919502159931
472.5	-63.0978209416793	-0.0306221055067697
472.75	-58.7301453957032	-0.0291845156178625
473	-54.8856229663035	-0.0363333709643256
473.25	-48.9596116531984	-0.0234195887419614
473.5	-44.083140932364	-0.02552211068774
473.75	-41.1840808580772	-0.0239902835742344
474	-39.1074132916286	-0.0124620204921916
474.25	-40.6110553449184	-0.0226507633140326
474.5	-49.5620328454842	-0.0250176645540237
474.75	-66.1677586828322	-0.0312305370147107
475	-84.6726811623513	-0.0469398501732928
475.25	-95.0580791823574	-0.0624270653965244
475.5	-91.6290349522919	-0.0522779943082025
475.75	-82.3320800631675	-0.0436979780142881
476	-83.167497097128	-0.0433445743174885
476.25	-95.9735261659657	-0.044285678755223
476.5	-103.422040137745	-0.046727586672333
476.75	-93.4859065836795	-0.0452297302258044
477	-74.8471176083564	-0.0287707215976596
477.25	-63.6148946529847	-0.029502315032821
477.5	-64.4552518330694	-0.0270282304797558
477.75	-72.5753677214396	-0.0306070995310286
478	-84.1418840178655	-0.0318901701691658
478.25	-93.2819667152035	-0.0448288517416918
478.5	-92.6106071598821	-0.0495141933771464
478.75	-80.2598640610004	-0.0285298475963653
479	-57.3920576643473	-0.0308999793006746
479.25	-29.2218425835998	-0.00667480610733043
479.5	-10.4093210516498	0.00121222527334054
479.75	-13.4189878147879	0.0008729708885183
480	-33.1767949245024	-0.015304356153822
480.25	-52.4930444532244	-0.0295880158519499
480.5	-60.3010707971155	-0.0330852862484139
480.75	-59.2821449898156	-0.0352349785833452
481	-55.3562853195298	-0.0310176890796807
481.25	-51.7102711058355	-0.0235680820544176
481.5	-51.5273514904083	-0.0298444132297339
481.75	-55.7840020392887	-0.0351087621549697
482	-64.4317257290624	-0.0254307929083319
482.25	-78.077266296071	-0.0439168784608048
482.5	-93.9022720107215	-0.0552057350010255
482.75	-105.02831818202	-0.054045823151553
483	-106.008303222808	-0.0650715049741269
483.25	-99.8953286208997	-0.0539224641063817
483.5	-96.2916269663446	-0.0483425025706728
483.75	-99.8210494507667	-0.051041352710831
484	-107.3837669343	-0.0464947022778691
484.25	-114.567758587378	-0.0538380368170392
484.5	-117.841686676908	-0.0550681970277485
484.75	-113.417900663292	-0.04865493259465
485	-97.7598520865625	-0.0401811067357416
485.25	-72.2559853548071	-0.0294024762921683
485.5	-46.8941710276639	-0.0129932081511123
485.75	-34.5524445949296	-0.0102854276089089
486	-40.550797512539	-0.0229743844442362
486.25	-58.6583851906682	-0.0265922067310028
486.5	-76.6824627293068	-0.0315655827175477
486.75	-86.385245699113	-0.0454108609081702
487	-87.5674718011192	-0.0421053970437575
487.25	-83.274839897074	-0.0405325991754877
487.5	-76.4492347917676	-0.0345739187723263
487.75	-68.5119515947031	-0.0366595802840711
488	-57.6702382151737	-0.0218271720906195
488.25	-46.264150657468	-0.0155378873894878
488.5	-42.1975464627104	-0.0199473918544123
488.75	-47.0286840668586	-0.0165506414394183
489	-56.8060281106333	-0.0291371740305509
489.25	-69.1498413543845	-0.0377466173369949
489.5	-82.4623049974253	-0.0487496905773467
489.75	-95.6572265514107	-0.0393646018261714
490	-106.26597342351	-0.0508010609510815
490.25	-110.139714881126	-0.0537294823728667
490.5	-106.198790759403	-0.0495974369984235
490.75	-98.6901648909938	-0.0404290210022183
491	-92.7124749026512	-0.0341657778578147
491.25	-87.5472385402181	-0.0354918591253839
491.5	-78.5207562032371	-0.0295687966457309
491.75	-68.2348033129247	-0.019213909343412
492	-68.8654152538911	-0.0256102624729354
492.25	-83.9033955272505	-0.0307102863596153
492.5	-101.575535489453	-0.0429133854485486
492.75	-113.567106377242	-0.0392292739205003
493	-119.729612536635	-0.034528023487569
493.25	-119.428518163866	-0.0372642807326377
493.5	-112.50466251976	-0.0251657680419546
493.75	-101.753313468974	-0.02208118898577
494	-92.8062104460089	-0.0228402626381419
494.25	-90.2007100320577	-0.0201237722354453
494.5	-92.6467483062972	-0.015081995997896
494.75	-96.0974892548863	-0.0156403577825057
495	-99.1653239087963	-0.0206030698277713
495.25	-100.465365477878	-0.0185297982079368
495.5	-96.4163350159333	-0.0219482116501193
495.75	-87.6340595888302	-0.0201685958689755
496	-77.7654699396544	-0.011034819687815
496.25	-67.4084090485463	-0.010926719315587
496.5	-56.1957968034255	-0.010229777206548
496.75	-47.4505407165552	-0.0144626702633972
497	-45.0287196844681	-0.0191192130973603
497.25	-44.3220344946131	-0.00753770156330446
497.5	-39.706929778578	-0.0117115713898913
497.75	-36.6145402798422	-0.0131700936137553
498	-41.6918068055025	-0.00959105536196067
498.25	-51.7148747832533	-0.0232686035965187
498.5	-59.0377396532356	-0.0300276885736749
498.75	-61.3206824128351	-0.0303026679251687
499	-59.0887267306241	-0.0289328213804925
499.25	-49.9910424590888	-0.021677702714246
499.5	-35.1710051709422	-0.0122914374596653
499.75	-20.9867615957694	-0.00575203056151095
500	-13.4178086346217	0.0022938618397858
500.25	-18.3088694419529	-0.00552059278939767
500.5	-39.6132582504872	-0.0215675401781566
500.75	-70.5791281601952	-0.0489478321652951
501	-93.494882225718	-0.0687407414537579
501.25	-97.5089987221937	-0.0571423574422759
501.5	-86.1780798646477	-0.0466917633433632
501.75	-65.1478686241655	-0.038604170974418
502	-41.9159123890892	-0.024419154689219
502.25	-28.2522705406616	-0.013294448030826
502.5	-28.9821906503692	-0.0171476670233693
502.75	-40.0941744823927	-0.0270365052285369
503	-55.1026892624541	-0.0370382969538111
503.25	-66.9007636271273	-0.0446218377105827
503.5	-71.9927377205877	-0.0497506243435141
503.75	-71.8247850484994	-0.0420307096799413
504	-67.050145184969	-0.0402915846346536
504.25	-59.1522295921554	-0.028599067650653
504.5	-54.9410824453868	-0.0318145324396615
504.75	-60.0547855466678	-0.0329109066807265
505	-72.1246135244991	-0.048962622288097
505.25	-82.6444126819562	-0.0475908880716492
505.5	-82.5484356130319	-0.0457335081361256
505.75	-69.532864121942	-0.0361398842344035
506	-50.2771492239181	-0.0187051662881003
506.25	-35.3714728278162	-0.0154160947097491
506.5	-31.706193515397	-0.0127141830999069
506.75	-35.4239961589317	-0.0219203462036532
507	-37.8629449511922	-0.0206958568246826
507.25	-39.367986720316	-0.0182428425283603
507.5	-47.0582327189851	-0.0351213403338446
507.75	-60.8685354731168	-0.032668261212733
508	-69.7157765461047	-0.0372681738458807
508.25	-64.9883868121563	-0.0287091682815467
508.5	-51.992209088641	-0.0317103265399814
508.75	-40.5051454279794	-0.0151974673215428
509	-34.5266774179011	-0.0176185588276303
509.25	-32.825277660278	-0.0131203677025964
509.5	-30.7663398191048	-0.0154076104608954
509.75	-27.720664879981	-0.0147506715163471
510	-29.9454780045641	-0.0231540595915836
510.25	-38.5635771461396	-0.0263126548569459
510.5	-47.2000896690701	-0.0204064541644868
510.75	-54.0308180342635	-0.0345821433493263
511	-62.9846029768619	-0.03470756305873
511.25	-74.5790538045394	-0.0467957865805729
511.5	-83.9616859374752	-0.0551824848750808
511.75	-87.8681021817253	-0.058396436581359
512	-87.406408628141	-0.0440293723305322
512.25	-83.6495103919684	-0.0529858588195694
512.5	-73.9621682203569	-0.0472264426702659
512.75	-54.6115090603393	-0.0322771231891058
513	-29.4044967702336	-0.00708603164466538
513.25	-9.59636630179844	0.00318249193460678
513.5	-2.04719530823784	0.00953031149280009
513.75	-6.49932496273449	0.00129361712830161
514	-20.3621225348936	-0.00604948694328894
514.25	-36.9504624155686	-0.0299393298433365
514.5	-48.7615057684277	-0.0312710126048932
514.75	-55.1647324713739	-0.0408151685585001
515	-60.3651406411708	-0.0318583162148073
515.25	-67.5436140816239	-0.0378804233888472
515.5	-75.1371309274895	-0.0498371348919092
515.75	-79.4447986082474	-0.0430180679058687
516	-82.0125711445439	-0.0569284768930133
516.25	-87.6543618138617	-0.0517478918609824
516.5	-95.9362117803219	-0.0557771241159024
516.75	-102.070608878751	-0.0619752878817143
517	-105.330486135466	-0.05731091338139
517.25	-109.978597051812	-0.0559304231599274
517.5	-117.630883575987	-0.0675455047728273
517.75	-122.847685792744	-0.0672270446516766
518	-119.157592825052	-0.066859612955644
518.25	-106.53400994619	-0.0474357085725732
518.5	-86.2490549611587	-0.0323795269707808
518.75	-58.2745274952259	-0.0256866656898085
519	-27.677598375616	-0.0100778812171755
519.25	-0.656822765997354	0.00345213381438593
519.5	16.3657047709486	0.0282615490883381
519.75	15.4326509710424	0.0272600905879017
520	-1.19263511386742	0.00229228534117041
520.25	-20.1898195518008	-0.00712357892295115
520.5	-31.1618456884396	-0.0179346348596277
520.75	-34.0381362147384	-0.0198996726731091
521	-35.9199832365191	-0.0212332045512269
521.25	-42.1203868241632	-0.0263608542704994
521.5	-47.9182415538263	-0.0363040176793059
521.75	-45.1697607871915	-0.0333661566414608
522	-35.846609018056	-0.0201021265620843
522.25	-29.7602236981646	-0.0171799118896586
522.5	-34.2816585855617	-0.0230311881600625
522.75	-49.2378739416583	-0.0313686197934221
523	-69.2158463425727	-0.0445348360428353
523.25	-89.1904201283661	-0.0711243620667661
523.5	-106.189203731907	-0.0803425573694693
523.75	-118.827791075135	-0.0980606693214528
524	-126.810655628497	-0.09772875563755
524.25	-130.429499237998	-0.105153370206494
524.5	-129.742366148835	-0.104890553240792
524.75	-127.3128681726	-0.102383107047088
525	-126.789604880746	-0.0845737087146505
525.25	-124.87084258716	-0.0855574795654897
525.5	-115.832874940297	-0.0793989502655294
525.75	-99.6998844095432	-0.0553846336920228
526	-80.2442284321904	-0.0393749680879337
526.25	-62.4084061689399	-0.030550553596753
526.5	-50.62727686312	-0.0249186758074126
526.75	-45.7380317744295	-0.0156409919080497
527	-45.3397051761132	-0.0223702700963511
527.25	-48.3391492957531	-0.0303223944770105
527.5	-54.4582626017766	-0.0377980845102073
527.75	-60.0519612642927	-0.034249589269192
528	-65.5097482471183	-0.0359699075585321
528.25	-78.3106259499084	-0.0411481927415223
528.5	-96.0053883879289	-0.0528810570288725
528.75	-102.840834447462	-0.0582394027183741
529	-89.3650675903634	-0.0395758171716867
529.25	-62.7072775124258	-0.0378547729142393
529.5	-37.2376970602362	-0.00879930083867737
529.75	-23.3626653166931	-0.0104182794692446
530	-28.036100636331	-0.00487913737155674
530.25	-52.620244713396	-0.0260665158689317
530.5	-84.6397323125909	-0.0584917256484033
530.75	-105.053603851138	-0.0598061306345762
531	-106.907430190297	-0.06626701623441
531.25	-98.6466673623105	-0.0579015512152795
531.5	-87.5493167143314	-0.042561172691958
531.75	-73.8818487369044	-0.0344826559547688
532	-60.3274483327211	-0.0274592843133232
532.25	-50.7653609608472	-0.0222979755012767
532.5	-47.8810591168392	-0.0278549400529237
532.75	-54.1719846779025	-0.025478612865678
533	-66.0476284874675	-0.0377301309495107
533.25	-73.9238148690308	-0.0399745310553688
533.5	-70.8476139831234	-0.0406126691524626
533.75	-57.5454405266939	-0.0213790426216201
534	-40.1518873261064	-0.0187306710286182
534.25	-26.3037053689904	-0.0102422231357762
534.5	-20.0846490284049	-0.00917711821697752
534.75	-19.6507920768136	-0.00416306937506975
535	-23.9868462272396	-0.0121318117994614
535.25	-32.2372020365508	-0.02286486246679
535.5	-39.6712643444806	-0.0323460544803183
535.75	-45.3096371734709	-0.0245341260531446
536	-52.2384396155417	-0.0375942762867215
536.25	-60.6069841850155	-0.0398977268951287
536.5	-67.5269825556059	-0.0431620634065149
536.75	-69.3564972350793	-0.0386475581456155
537	-66.1917765503604	-0.0366075987370052
537.25	-64.0675367971766	-0.0461001653911838
537.5	-66.0475233583692	-0.0332389340975583
537.75	-66.6420541560549	-0.0399111650386036
538	-60.5609220252238	-0.0324503809733685
538.25	-48.4520845099289	-0.0312164168401261
538.5	-36.4462996308344	-0.0191590546027034
538.75	-33.685701273249	-0.0133247131223219
539	-43.3421133396686	-0.0259891077978002
539.25	-57.9147979687638	-0.033266342367721
539.5	-66.5754875517317	-0.0443282215911969
539.75	-65.9363503533921	-0.0432152375788767
540	-59.8528774577193	-0.0299908699281105
540.25	-52.6084854819132	-0.0349379547950916
540.5	-48.3603748771225	-0.0191450105620646
540.75	-50.0821892166744	-0.0268826231272622
541	-54.3770782080458	-0.0352271214318743
541.25	-56.0069585193336	-0.0289949070495591
541.5	-56.7073361861532	-0.0300113287229883
541.75	-57.7945554740731	-0.0348892368790314
542	-56.855346363188	-0.0315360329034869
542.25	-55.8872059056992	-0.0299550896220476
542.5	-58.7470664929744	-0.0360501416021338
542.75	-64.502938336903	-0.0327849494645678
543	-66.6875303775254	-0.0364503146047465
543.25	-59.8992539677848	-0.0344670926538896
543.5	-47.6181022325158	-0.0308274370427998
543.75	-40.8309692623239	-0.0220299017641979
544	-45.8766007101504	-0.0196948389229002
544.25	-58.0220125269094	-0.0362179702138901
544.5	-70.1231854784783	-0.0414871715577045
544.75	-74.74377675756	-0.0378074594397723
545	-65.5631783730264	-0.0366639819109234
545.25	-47.3235107123473	-0.0280374655964205
545.5	-31.724450314854	-0.0116659307668833
545.75	-26.0049124651288	-0.0189363444956128
546	-31.9913012289925	-0.0173677086317097
546.25	-50.2739283092074	-0.0222785493731889
546.5	-77.8019645864557	-0.0497765764654329
546.75	-103.182998577035	-0.0673100101718847
547	-111.789095717939	-0.0723703300586958
547.25	-94.3990530239749	-0.0571864301654863
547.5	-57.431467484593	-0.0278725719075457
547.75	-24.1894768114084	-0.011371942693391
548	-13.4257986545453	-1.05863926698872e-05
548.25	-21.2416152682218	-0.0144418019799205
548.5	-30.6058263959251	-0.0173411083303932
548.75	-35.7452611436488	-0.0218787659983869
549	-45.3006623034158	-0.0291232495632018
549.25	-59.029478348956	-0.0434817671457378
549.5	-60.7221342405849	-0.0403176980216406
549.75	-40.1643780938327	-0.0217867071697895
550	-10.4787657831489	0.00134930221043165
550.25	6.92785348365038	0.0087745710025419
550.5	5.70656103506832	0.0181210410300108
550.75	-7.2013747091995	0.00433754372606302
551	-22.7050742061262	-0.0093065453510398
551.25	-39.5325728573189	-0.0207989059418371
551.5	-62.1773998063993	-0.0449068912135985
551.75	-85.9380700081363	-0.0633389498915585
552	-101.989759955669	-0.0800812715314402
552.25	-108.323710844712	-0.0802799335980679
552.5	-106.819888971636	-0.0863989264791491
552.75	-101.420259497623	-0.0776156023345511
553	-95.7353255971583	-0.0697279586490984
553.25	-89.5523565998984	-0.0571502934583446
553.5	-80.7069971149719	-0.0544815811362538
553.75	-68.4396265530209	-0.0419850138567574
554	-52.0993409467747	-0.0349311903896488
554.25	-33.186185683775	-0.0144563669148185
554.5	-21.4860265473756	-0.00670090506411061
554.75	-25.1978558662817	-0.00358062647249563
555	-39.6942674329777	-0.0290083627008879
555.25	-55.5943178358056	-0.03538310139287
555.5	-63.6442176482726	-0.0420428530728912
555.75	-56.8528729566768	-0.0342557173342505
556	-39.9464201929943	-0.0199012488882449
556.25	-20.9728081594277	-0.0090526141393667
556.5	0.886763186401147	0.0163554852711778
556.75	21.6581044435709	0.0329676926434269
557	28.1517986373959	0.0431687286570375
557.25	16.0235475637564	0.0242523618626199
557.5	-8.85748667583568	0.00928917208508257
557.75	-38.703853300927	-0.029128071632297
558	-63.8234476798304	-0.0421490060759888
558.25	-80.005511534911	-0.0627317203520588
558.5	-91.1380091965969	-0.0702112197644681
558.75	-98.6625554577267	-0.0716099070222643
559	-100.144445891182	-0.0728803174943603
559.25	-97.9823506693245	-0.0701646476977471
559.5	-100.009479645814	-0.0697426243870755
559.75	-108.478758047073	-0.0764230649408032
560	-117.592840535768	-0.0801762336500627
560.25	-121.179340534082	-0.0873320044060412
560.5	-113.723840935686	-0.0707424364303563
560.75	-94.3401110472582	-0.0543987464178328
561	-71.5166761677128	-0.0408856809878116
561.25	-55.2262876193009	-0.0260199533677747
561.5	-51.1867594054372	-0.0281290374691562
561.75	-63.5214596194172	-0.0337353051250121
562	-88.4307170083912	-0.0429089303844387
562.25	-110.181175900653	-0.0681649496851638
562.5	-117.900679827403	-0.0625707994006589
562.75	-112.978579023596	-0.0534406063241072
563	-100.855982309952	-0.0528093785133243
563.25	-88.0524206765204	-0.0434002928857841
563.5	-79.2768022175796	-0.0282652522992272
563.75	-75.310859243489	-0.0259638093170629
564	-74.4674506387224	-0.026790317167204
564.25	-75.8767982757222	-0.0304593526154876
564.5	-79.137764397832	-0.0330742383427636
564.75	-83.5480046651918	-0.0310535255739923
565	-91.5986414916507	-0.0295513518343301
565.25	-103.678768889722	-0.0395742991329309
565.5	-113.445833093579	-0.0338046957629387
565.75	-114.411363133568	-0.0353909567085545
566	-102.59185004577	-0.0289738019453208
566.25	-77.8906250732524	-0.0192554848235718
566.5	-51.4525724072055	-0.00311910968180902
566.75	-36.2248528084143	-0.0164185959999929
567	-29.9331634727548	-0.000791680812577619
567.25	-24.8749253469925	-0.00863019495094509
567.5	-21.0985247231882	-0.00199484604693269
567.75	-24.412305131809	-0.0105360803844588
568	-40.0241571129159	-0.0194292273041934
568.25	-60.9947516694549	-0.0341945515959072
568.5	-74.8460413157481	-0.0431207441277632
568.75	-83.2446157889133	-0.0541099042124522
569	-90.067455429216	-0.0423325227024486
569.25	-88.7696086606198	-0.0479674652734788
569.5	-78.4619010017252	-0.0387462733523472
569.75	-67.2194567070201	-0.0330588774341409
570	-62.3022828908062	-0.0309583435838031
570.25	-67.1338625061384	-0.0339853166200219
570.5	-76.9380248047106	-0.0398599480332079
570.75	-79.6022858681089	-0.0336601691722859
571	-70.9190036036752	-0.0301147839688439
571.25	-59.0062463655588	-0.0201055269373775
571.5	-49.3135330434412	-0.0208667706127389
571.75	-42.426930866409	-0.0200257184909454
572	-40.0141173814163	-0.0192332236551358
572.25	-40.8012229138681	-0.0196129374521873
572.5	-38.7193767267586	-0.0193428798775603
572.75	-30.1674253630769	-0.0116281763240994
573	-19.8000927335107	-0.00959334386047055
573.25	-12.4813884754704	-0.00706938757776531
573.5	-9.77182419076755	0.00115312431273248
573.75	-16.5773721544102	-0.00772562616383102
574	-36.1583614810027	-0.0175759580698785
574.25	-63.2893743905192	-0.0475445029419807
574.5	-88.1491509204568	-0.063348563522349
574.75	-104.833067751887	-0.0740977008160863
575	-60	-0.0390874454950522
575.25	-60	-0.0377960358477221
575.5	-60	-0.0411913525834455
575.75	-60	-0.0343634677587859
576	-60	-0.0402169496326662
576.25	-60	-0.0359524689100551
576.5	-60	-0.0425035724931877
576.75	-60	-0.0374116965097766
577	-60	-0.0326072083714491
577.25	-60	-0.0317435244115488
577.5	-60	-0.0302682449293888
577.75	-60	-0.0375848398425497
578	-60	-0.0402377977826666
578.25	-60	-0.0383299610103152
578.5	-60	-0.0369041152498941
578.75	-60	-0.0357020611425034
579	-60	-0.0285204307357456
579.25	-60	-0.0342866619292961
579.5	-60	-0.0326883688285951
579.75	-60	-0.0333258061683028
580	-60	-0.0281510103820957
580.25	-60	-0.0243229935122096
580.5	-60	-0.0428234935570401
580.75	-60	-0.0322671641601495
581	-60	-0.0244478926586182
581.25	-60	-0.0293632770927996
581.5	-60	-0.030834056884535
581.75	-60	-0.0282945439979338
582	-60	-0.0237361704338467
582.25	-60	-0.0371603977550836
582.5	-60	-0.0316558243517004
582.75	-60	-0.0202891857978581
583	-60	-0.0328955181166014
583.25	-60	-0.0314097617710156
583.5	-60	-0.0340185349123162
583.75	-60	-0.0280310133186153
584	-60	-0.0313596870394462
584.25	-60	-0.0246369544247835
584.5	-60	-0.0310038991439745
584.75	-60	-0.0321018689424426
585	-60	-0.032183176323603
585.25	-60	-0.0308730987894949
585.5	-60	-0.0313474885745155
585.75	-60	-0.030336902831074
586	-60	-0.0337291612995356
586.25	-60	-0.0286965912643545
586.5	-60	-0.0325452989064791
586.75	-60	-0.0235939651684393
587	-60	-0.0330453500679519
587.25	-60	-0.0303486935081686
587.5	-60	-0.0330363056045932
587.75	-60	-0.0327403248181618
588	-60	-0.0305362670675183
588.25	-60	-0.0280731511590382
588.5	-60	-0.0328503515724528
588.75	-60	-0.0390495568050918
589	-60	-0.0355382449909005
589.25	-60	-0.0286639510894165
589.5	-60	-0.0346234072452064
589.75	-60	-0.0334627701370105
