0	-60	-0.0277130598028719
0.25	-60	-0.0270587992850517
0.5	-60	-0.0337803201305179
0.75	-60	-0.037058858394267
1	-60	-0.0361517039471508
1.25	-60	-0.0419470821752954
1.5	-60	-0.0242157888395952
1.75	-60	-0.0356826717487262
2	-60	-0.0327851876493627
2.25	-60	-0.0259804511975563
2.5	-60	-0.0217305341534624
2.75	-60	-0.022742537599359
3	-60	-0.0238069247968519
3.25	-60	-0.0258601034497445
3.5	-60	-0.0321828773046096
3.75	-60	-0.0284777960719626
4	-60	-0.028008002300081
4.25	-60	-0.0332550169705404
4.5	-60	-0.0302919937905233
4.75	-60	-0.0228554138430032
5	-60	-0.0347114828076125
5.25	-60	-0.0262930687128588
5.5	-60	-0.0209168448631103
5.75	-60	-0.0298677156169809
6	-60	-0.0246100281543633
6.25	-60	-0.0280623334896609
6.5	-60	-0.0290562812571174
6.75	-60	-0.0330668349341846
7	-60	-0.0295053009265243
7.25	-60	-0.0336578949563961
7.5	-60	-0.0299267156922903
7.75	-60	-0.0335933043962543
8	-60	-0.0287977276289553
8.25	-60	-0.0370901773492152
8.5	-60	-0.0265094999250729
8.75	-60	-0.0277367409019743
9	-60	-0.0391888201881497
9.25	-60	-0.0392628904856122
9.5	-60	-0.0219558094731886
9.75	-60	-0.028253091794862
10	-60	-0.0350262183063135
10.25	-60	-0.0296071689023861
10.5	-60	-0.0325289600902373
10.75	-60	-0.0361453662320905
11	-60	-0.0287077275574404
11.25	-60	-0.0291579600310599
11.5	-60	-0.0400725060902834
11.75	-60	-0.0322405166115084
12	-60	-0.031747125615288
12.25	-60	-0.0268597919164793
12.5	-60	-0.0248842983479116
12.75	-60	-0.0337153160534904
13	-60	-0.0268526811491517
13.25	-60	-0.0290248214832036
13.5	-60	-0.0319888960262209
13.75	-60	-0.0308554033868788
14	-60	-0.0326167595459803
14.25	-60	-0.0354077278085222
14.5	-60	-0.0284832207848722
14.75	-60	-0.0303323550912974
15	-60	-0.0265134450631999
15.25	-60	-0.0310752040131516
15.5	-60	-0.036202085730246
15.75	-60	-0.0257502859858738
16	-60	-0.0366573528642621
16.25	-60	-0.0376232101396183
16.5	-60	-0.0392026264336906
16.75	-60	-0.0294786839381084
17	-60	-0.0323186564476374
17.25	-60	-0.030267481234977
17.5	-60	-0.0435467937290889
17.75	-60	-0.039096655193045
18	-60	-0.0263314607667458
18.25	-60	-0.038646077075901
18.5	-60	-0.0336968055090323
18.75	-60	-0.0356724136396338
19	-60	-0.0248192942312669
19.25	-60	-0.0287689548095861
19.5	-60	-0.0292223823771656
19.75	-60	-0.0347129165238205
20	-60	-0.0255515900730686
20.25	-60	-0.0411312495978956
20.5	-60	-0.0317535026588975
20.75	-60	-0.0347527074001175
21	-60	-0.0247381749903304
21.25	-60	-0.023086339312074
21.5	-60	-0.0268767202071679
21.75	-60	-0.0317017374015522
22	-60	-0.0313474631901151
22.25	-60	-0.0306524848423023
22.5	-60	-0.0308497110823464
22.75	-60	-0.0342114800718806
23	-60	-0.0346356280215155
23.25	-60	-0.0307486818395629
23.5	-60	-0.0282098388288627
23.75	-60	-0.0290437446993789
24	-60	-0.0299320888931344
24.25	-60	-0.0305779897189667
24.5	-60	-0.0370845487501003
24.75	-60	-0.0369888783551508
25	-100	-0.0569058320358775
25.25	-100	-0.049844001060618
25.5	-100	-0.0519765439551076
25.75	-100	-0.0490816340299658
26	-100	-0.0500368224473121
26.25	-100	-0.046666521866671
26.5	-100	-0.0424455449210675
26.75	-100	-0.0370544162105193
27	-100	-0.0352876312328898
27.25	-100	-0.0393865993542056
27.5	-100	-0.0259821037717155
27.75	-100	-0.0310156295647869
28	-100	-0.0348285050587352
28.25	-100	-0.0315915511288529
28.5	-100	-0.0237406460227975
28.75	-100	-0.0165387166193768
29	-100	-0.0231842799254817
29.25	-100	-0.019495778554373
29.5	-100	-0.0180996650122982
29.75	-100	-0.0218400083369195
30	-100	-0.0195063708266344
30.25	-100	-0.0187051783931768
30.5	-100	-0.0143262250014945
30.75	-100	-0.019222068487029
31	-100	-0.0217032903824487
31.25	-100	-0.0190434642484824
31.5	-100	-0.0173364407903538
31.75	-100	-0.0181647830914587
32	-100	-0.0154670535220368
32.25	-100	-0.0121176810913692
32.5	-100	-0.0137846325219443
32.75	-100	-0.0115228033837047
33	-100	-0.0114371100216177
33.25	-100	-0.00850113139348332
33.5	-100	-0.0114572622061118
33.75	-100	-0.00862743547254917
34	-100	-0.0103411522751992
34.25	-100	-0.00692018476404129
34.5	-100	-0.00644029227809726
34.75	-100	-0.00462811430548938
35	-100	-0.0124726344348708
35.25	-100	-0.00542552168415686
35.5	-100	-0.0161712370294282
35.75	-100	-0.00837335890319405
36	-100	-0.00682841677212628
36.25	-100	-0.0134386279207206
36.5	-100	-0.0142014072891801
36.75	-100	-0.0117538799188919
37	-100	-0.00859400675201456
37.25	-100	-0.00489806781079704
37.5	-100	-0.0112490652345796
37.75	-100	-0.0076248044887814
38	-100	-0.0031193359570686
38.25	-100	-0.00937987624145697
38.5	-100	-0.00243796383022572
38.75	-100	-0.00533875528966348
39	-100	-0.00792217696447122
39.25	-100	0.00179858748054833
39.5	-100	-0.0121010484328292
39.75	-100	-0.00673629566410388
40	-100	-0.00111878248193296
40.25	-100	-0.0078731753384121
40.5	-100	0.00219256957869466
40.75	-100	-0.00296839568077327
41	-100	-0.0112470344699734
41.25	-100	-0.00989383515626327
41.5	-100	-0.00285825661355296
41.75	-100	-0.00574457757057004
42	-100	-0.00023180392012998
42.25	-100	-0.0105249261002339
42.5	-100	-0.00484971754503763
42.75	-100	-0.00868538010002349
43	-100	-0.00490246924050952
43.25	-100	-0.0093492457602323
43.5	-100	-0.00837633180443302
43.75	-100	0.00049602543159064
44	-100	0.00669461898940542
44.25	-100	0.000852109341137734
44.5	-100	-0.00444021770103375
44.75	-100	-0.0101726494830474
45	-100	-0.00106949832116298
45.25	-100	-0.00781514638855605
45.5	-100	-0.00994813597406592
45.75	-100	-0.00702324154573824
46	-100	-0.00383469706493957
46.25	-100	-0.00273193636791711
46.5	-100	0.000464336937087613
46.75	-100	-0.00622168024392983
47	-100	-0.00625237081544356
47.25	-100	-0.00680705044016618
47.5	-100	-0.00810575825796007
47.75	-100	2.19983807554979e-05
48	-100	-0.0140555172234227
48.25	-100	-0.00355000360657128
48.5	-100	-0.00549858387055912
48.75	-100	-0.00929428515003627
49	-100	-0.00339435141255752
49.25	-100	-0.00395522181527898
49.5	-100	-0.0134581626235824
49.75	-100	-0.00137945849866486
50	-60	-0.0118602468963245
50.25	-60	-0.0114901837820278
50.5	-60	-0.00887311874838279
50.75	-60	-0.0103492677657863
51	-60	-0.00840886568474572
51.25	-60	-0.0116540137686144
51.5	-60	-0.010139893543431
51.75	-60	-0.0196540815519808
52	-60	-0.00913661545652005
52.25	-60	-0.0245572303107661
52.5	-60	-0.0231267974825048
52.75	-60	-0.0249906911274723
53	-60	-0.0265168716168303
53.25	-60	-0.0222933354407195
53.5	-60	-0.0310273139961797
53.75	-60	-0.0225567939651959
54	-60	-0.0231904928212503
54.25	-60	-0.0267783728841397
54.5	-60	-0.0184746079591635
54.75	-60	-0.0194631089931274
55	-60	-0.0240186128055018
55.25	-60	-0.0366630108652036
55.5	-60	-0.0229388202527991
55.75	-60	-0.0270872607091688
56	-60	-0.0185381383030311
56.25	-60	-0.030501069885146
56.5	-60	-0.0323529824343295
56.75	-60	-0.0295586705832453
57	-60	-0.0264198057771495
57.25	-60	-0.027759267134492
57.5	-60	-0.024712882422506
57.75	-60	-0.0308048618102643
58	-60	-0.0239605359573854
58.25	-60	-0.0345553359137826
58.5	-60	-0.0294197708631831
58.75	-60	-0.0388304409337142
59	-60	-0.0284088681678493
59.25	-60	-0.0322504407763739
59.5	-60	-0.0323969861354662
59.75	-60	-0.0281299605244227
60	-60	-0.0319170784564261
60.25	-60	-0.0323395103267512
60.5	-60	-0.0316002223020533
60.75	-60	-0.027829378309533
61	-60	-0.0314010816863663
61.25	-60	-0.0281436058123748
61.5	-60	-0.0331936959848943
61.75	-60	-0.0326914654226451
62	-60	-0.0255155387350158
62.25	-60	-0.0294967580531949
62.5	-60	-0.0268964691939399
62.75	-60	-0.0300181352357046
63	-60	-0.030791952209645
63.25	-60	-0.0354829911548768
63.5	-60	-0.033049208913564
63.75	-60	-0.0368189026187673
64	-60	-0.034577175567587
64.25	-60	-0.0291796610735828
64.5	-60	-0.0342457271613885
64.75	-60	-0.0277355735670836
65	-60	-0.0318913761870385
65.25	-60	-0.0258041191120678
65.5	-60	-0.0287180457260023
65.75	-60	-0.0295683808045432
66	-60	-0.0273770608647632
66.25	-60	-0.0236468896887755
66.5	-60	-0.030479320566386
66.75	-60	-0.0336028670644306
67	-60	-0.0327947426532773
67.25	-60	-0.0338452365579828
67.5	-60	-0.0315604878230171
67.75	-60	-0.0327415818660495
68	-60	-0.0322535422034552
68.25	-60	-0.0341118272394681
68.5	-60	-0.0333778947691102
68.75	-60	-0.0385623828192437
69	-60	-0.0321928050084518
69.25	-60	-0.0369792325760005
69.5	-60	-0.0332132104883472
69.75	-60	-0.0308339695708943
70	-60	-0.0370076140010255
70.25	-60	-0.0343562317715273
70.5	-60	-0.0328386042274255
70.75	-60	-0.0336749671434617
71	-60	-0.0306565942581625
71.25	-60	-0.0278972142763855
71.5	-60	-0.0296920740997439
71.75	-60	-0.0337052977165297
72	-60	-0.0351354237455911
72.25	-60	-0.0308517915568665
72.5	-60	-0.0340433949610541
72.75	-60	-0.0350797510953573
73	-60	-0.0357335805574752
73.25	-60	-0.0275967425514973
73.5	-60	-0.0298482464355395
73.75	-60	-0.0381220949895585
74	-60	-0.0305780002312578
74.25	-60	-0.0345269325279109
74.5	-60	-0.036790633676918
74.75	-60	-0.0360006249528468
75	-40	-0.0253676160783645
75.25	-40	-0.0164171404617557
75.5	-40	-0.0227825701879236
75.75	-40	-0.0161951452332194
76	-40	-0.0263633124042389
76.25	-40	-0.0296894438957249
76.5	-40	-0.023236817817849
76.75	-40	-0.0212806248855441
77	-40	-0.0223139436791473
77.25	-40	-0.0172193066120308
77.5	-40	-0.0231509918337739
77.75	-40	-0.0213697162554942
78	-40	-0.0298789203092752
78.25	-40	-0.0204847783295724
78.5	-40	-0.0168947115322824
78.75	-40	-0.0182036061548845
79	-40	-0.0237715202472
79.25	-40	-0.0221187685872476
79.5	-40	-0.01957256833559
79.75	-40	-0.0263965342030496
80	-40	-0.0157707829763029
80.25	-40	-0.0183873093142191
80.5	-40	-0.0206999836730115
80.75	-40	-0.0232440433799244
81	-40	-0.018322296431699
81.25	-40	-0.0143617526763712
81.5	-40	-0.019947697325047
81.75	-40	-0.0149996787621942
82	-40	-0.0224580836894896
82.25	-40	-0.0207911843844787
82.5	-40	-0.0159444912755237
82.75	-40	-0.0209900302343435
83	-40	-0.0185976751572407
83.25	-40	-0.0178762283689898
83.5	-40	-0.0173305184632162
83.75	-40	-0.0187915006021398
84	-40	-0.0252474442489401
84.25	-40	-0.0196054553619487
84.5	-40	-0.0201218414671517
84.75	-40	-0.0145604385129226
85	-40	-0.0130528093612814
85.25	-40	-0.0210427797009461
85.5	-40	-0.0155061071958176
85.75	-40	-0.0131027595853316
86	-40	-0.0176073037905648
86.25	-40	-0.0224046357522736
86.5	-40	-0.0118890078822286
86.75	-40	-0.0209556118412931
87	-40	-0.0151291773186362
87.25	-40	-0.0211408630294202
87.5	-40	-0.0151245350068156
87.75	-40	-0.017909115708518
88	-40	-0.0177520598930675
88.25	-40	-0.00659520179815607
88.5	-40	-0.0106613107717501
88.75	-40	-0.0143522162117891
89	-40	-0.012065360991639
89.25	-40	-0.0115058346914591
89.5	-40	-0.0144758135774832
89.75	-40	-0.017579260142034
90	-40	-0.0152811132911985
90.25	-40	-0.0119334125424992
90.5	-40	-0.0112459435595374
90.75	-40	-0.0179951109748281
91	-40	-0.0100628935775432
91.25	-40	-0.0129604876915541
91.5	-40	-0.0173553419751818
91.75	-40	-0.0206962797405257
92	-40	-0.0128469917290429
92.25	-40	-0.0153211144428219
92.5	-40	-0.0075074916438672
92.75	-40	-0.018297242488839
93	-40	-0.0205590100849038
93.25	-40	-0.0175401595097264
93.5	-40	-0.0155025468739675
93.75	-40	-0.020553676401358
94	-40	-0.0151789092360724
94.25	-40	-0.0170289113443335
94.5	-40	-0.00464963870652992
94.75	-40	-0.0168911289631136
95	-40	-0.0115430131999209
95.25	-40	-0.018793597472536
95.5	-40	-0.0131115905793437
95.75	-40	-0.0128982192108196
96	-40	-0.0128890463168123
96.25	-40	-0.00380874164534828
96.5	-40	-0.0143424263550776
96.75	-40	-0.0121443653546112
97	-40	-0.0109997075859195
97.25	-40	-0.0176863264733898
97.5	-40	-0.0130855564972784
97.75	-40	-0.00937095325422744
98	-40	-0.00791559885205837
98.25	-40	-0.0081382697767768
98.5	-40	-0.0152054798056367
98.75	-40	-0.00767209616431907
99	-40	-0.00779547989336299
99.25	-40	-0.0143170562204585
99.5	-40	-0.0126549109360022
99.75	-40	-0.0123716309257802
100	-60	-0.0181614134118931
100.25	-60	-0.0243443814380969
100.5	-60	-0.0267037472701664
100.75	-60	-0.0311061128975922
101	-60	-0.0228834833874113
101.25	-60	-0.0238780587791093
101.5	-60	-0.0307907038607571
101.75	-60	-0.0232591046533657
102	-60	-0.0334364760159644
102.25	-60	-0.0225892889512537
102.5	-60	-0.0347378610995101
102.75	-60	-0.0269093338905744
103	-60	-0.0274838581948871
103.25	-60	-0.0299905350031722
103.5	-60	-0.0252313019429059
103.75	-60	-0.0257719982495735
104	-60	-0.0232182164296073
104.25	-60	-0.0283009142323553
104.5	-60	-0.0281174821952133
104.75	-60	-0.0267024545603451
105	-60	-0.0257832679540905
105.25	-60	-0.0304382166463765
105.5	-60	-0.0250380095062396
105.75	-60	-0.0279965195560126
106	-60	-0.031106674703106
106.25	-60	-0.0271244314270461
106.5	-60	-0.025709060609457
106.75	-60	-0.0292214892896735
107	-60	-0.0229261282979572
107.25	-60	-0.0284691492581211
107.5	-60	-0.020895881951676
107.75	-60	-0.0257310553970833
108	-60	-0.0302045648756939
108.25	-60	-0.0307085196927288
108.5	-60	-0.0306377926800053
108.75	-60	-0.0319133187726734
109	-60	-0.0343692335662856
109.25	-60	-0.0350841499460467
109.5	-60	-0.0301888835064696
109.75	-60	-0.032051510244375
110	-60	-0.0248122842480154
110.25	-60	-0.022007944512205
110.5	-60	-0.032128160013014
110.75	-60	-0.0275830506771837
111	-60	-0.0312946285111083
111.25	-60	-0.025908113280486
111.5	-60	-0.0305475873073678
111.75	-60	-0.0264240212648707
112	-60	-0.0288497645866518
112.25	-60	-0.0409756988696479
112.5	-60	-0.0358991448304972
112.75	-60	-0.0308429440237559
113	-60	-0.0289278655066796
113.25	-60	-0.0301952073999661
113.5	-60	-0.025398661012103
113.75	-60	-0.0380098239278753
114	-60	-0.033361915337876
114.25	-60	-0.031873748876563
114.5	-60	-0.0273348756690048
114.75	-60	-0.0342010936556189
115	-60	-0.0308865345664808
115.25	-60	-0.0346382245795451
115.5	-60	-0.0300447544338276
115.75	-60	-0.0292346220068531
116	-60	-0.0313665696236793
116.25	-60	-0.0293941116995003
116.5	-60	-0.0360613385034688
116.75	-60	-0.0314308421116369
117	-60	-0.0311299127658696
117.25	-60	-0.0323997678114925
117.5	-60	-0.0327882778606675
117.75	-60	-0.0346049504042426
118	-60	-0.025446223969884
118.25	-60	-0.0340109285620896
118.5	-60	-0.0291236417805592
118.75	-60	-0.0269525726512314
119	-60	-0.0345041672510346
119.25	-60	-0.034089009763028
119.5	-60	-0.0299061632132774
119.75	-60	-0.0287462975722766
120	-60	-0.0334157848889821
120.25	-60	-0.0281295932362087
120.5	-60	-0.0189506019183375
120.75	-60	-0.0291439255219849
121	-60	-0.0287486340278869
121.25	-60	-0.0375824413350027
121.5	-60	-0.0326313921490403
121.75	-60	-0.0298292952260914
122	-60	-0.0295157368159378
122.25	-60	-0.0415043938820044
122.5	-60	-0.0329100335135319
122.75	-60	-0.0328389688058598
123	-60	-0.0297767363443291
123.25	-60	-0.0278705649679596
123.5	-60	-0.0315375541486963
123.75	-60	-0.038816636239848
124	-60	-0.0250739135450499
124.25	-60	-0.0250736626917647
124.5	-60	-0.0329555322514806
124.75	-60	-0.0293323480122912
125	-20	-0.0052888912526531
125.25	-20	-0.00654773905395251
125.5	-20	0.000142907918828246
125.75	-20	-0.0138132999441197
126	-20	-0.00766546195031071
126.25	-20	-0.0106238078446915
126.5	-20	-0.00750130397652313
126.75	-20	-0.00757540804746909
127	-20	-0.0108773849914102
127.25	-20	-0.00669729523650399
127.5	-20	-0.00959819139295427
127.75	-20	-0.00383593170075008
128	-20	-0.00297597319385711
128.25	-20	-0.00849076618664179
128.5	-20	-0.00263560927504856
128.75	-20	-0.00598810047655633
129	-20	-0.00864228135191923
129.25	-20	-0.0100263233494221
129.5	-20	-0.00251376686237076
129.75	-20	-0.0102363540193898
130	-20	-0.00261587631853616
130.25	-20	-0.00362866689167178
130.5	-20	-0.0118061820272248
130.75	-20	-0.00737695648179155
131	-20	-0.00604253852160203
131.25	-20	-0.0055806982213612
131.5	-20	-0.00405266805242673
131.75	-20	-0.00780414358257981
132	-20	-0.0046438957764882
132.25	-20	-0.00589968294074998
132.5	-20	-0.000744859275486482
132.75	-20	-0.00428840081222792
133	-20	-0.00445713820991595
133.25	-20	-0.003635247540584
133.5	-20	-0.0100516372005861
133.75	-20	-0.007285864567199
134	-20	-0.00162302899476333
134.25	-20	-0.00213343527428261
134.5	-20	-0.00487555565460393
134.75	-20	-0.000655096867371755
135	-20	0.00127924654805795
135.25	-20	-0.00304674417261722
135.5	-20	0.00729997461699948
135.75	-20	0.00534344209800662
136	-20	-0.00522917479374371
136.25	-20	0.000439131904791341
136.5	-20	-0.00814350731312077
136.75	-20	-0.00455561548015588
137	-20	-0.00445282630811331
137.25	-20	-0.00310691431925578
137.5	-20	-0.00583937188651934
137.75	-20	0.00272133210895107
138	-20	-0.00713214223719219
138.25	-20	0.00179899481998836
138.5	-20	-0.00509766399648713
138.75	-20	-0.000952736572658787
139	-20	-0.00229990571706292
139.25	-20	0.00344948050355965
139.5	-20	-0.00725306613997139
139.75	-20	-0.0109878930829103
140	-20	-0.00568437267148453
140.25	-20	-0.00115932273902885
140.5	-20	0.000866281020234028
140.75	-20	-0.00521180563387481
141	-20	-0.00130665160033549
141.25	-20	-0.00428918929971368
141.5	-20	0.00675790356600422
141.75	-20	-0.00753999526162951
142	-20	-0.00664584042695394
142.25	-20	0.000136848006713418
142.5	-20	-0.00223027650855414
142.75	-20	-0.00461442949244861
143	-20	0.00224182615235372
143.25	-20	-0.000130604951561165
143.5	-20	-0.00533929337181223
143.75	-20	-0.00239296905839063
144	-20	0.00181883335168203
144.25	-20	-0.00253081814246124
144.5	-20	-0.00766261808541593
144.75	-20	-0.0048966565359751
145	-20	-0.00479080160635813
145.25	-20	-0.000943910895383399
145.5	-20	0.000249404992550918
145.75	-20	-0.00171600563086756
146	-20	-0.00500107973509822
146.25	-20	-0.00433318303466722
146.5	-20	-0.000209636580127577
146.75	-20	-0.00545607030976573
147	-20	0.000676830207387665
147.25	-20	-0.0024142381784658
147.5	-20	0.00498653178014178
147.75	-20	-0.00331440091298217
148	-20	0.000821751224308905
148.25	-20	-0.00730448589695366
148.5	-20	-0.00398338154688901
148.75	-20	0.00438242169601476
149	-20	0.000207694932504925
149.25	-20	-0.0057355014573487
149.5	-20	-0.00259544750199796
149.75	-20	0.00507782309809614
150	-60	-0.00383511223324115
150.25	-60	-0.0141872877069144
150.5	-60	-0.0074990221832812
150.75	-60	-0.0130170435848609
151	-60	-0.017419694721324
151.25	-60	-0.0207943095409746
151.5	-60	-0.0219366859641955
151.75	-60	-0.0235888502491192
152	-60	-0.0206347335644973
152.25	-60	-0.0260030537325806
152.5	-60	-0.0198807495639214
152.75	-60	-0.0209708919836818
153	-60	-0.0224751965829744
153.25	-60	-0.0208571595419673
153.5	-60	-0.0317332755223778
153.75	-60	-0.019755865984488
154	-60	-0.0252080920110784
154.25	-60	-0.0258792066176299
154.5	-60	-0.0279430147192903
154.75	-60	-0.0247943979484383
155	-60	-0.0222424677789405
155.25	-60	-0.0323048540355266
155.5	-60	-0.0291646393649836
155.75	-60	-0.0199595059094013
156	-60	-0.0330492632689732
156.25	-60	-0.0264114920094459
156.5	-60	-0.0303547773021396
156.75	-60	-0.0266510542468894
157	-60	-0.0338160092657106
157.25	-60	-0.028770598531099
157.5	-60	-0.0291177503990519
157.75	-60	-0.029275483862527
158	-60	-0.0185997310586959
158.25	-60	-0.0308254678360466
158.5	-60	-0.0312660928740874
158.75	-60	-0.0273364520598761
159	-60	-0.030111488769379
159.25	-60	-0.0179246936329202
159.5	-60	-0.0306606422772329
159.75	-60	-0.0181213995660888
160	-60	-0.0303685582643936
160.25	-60	-0.0294074576186989
160.5	-60	-0.0283847313864938
160.75	-60	-0.0277504959901756
161	-60	-0.0308290083734638
161.25	-60	-0.0288229272284739
161.5	-60	-0.033268253096084
161.75	-60	-0.031363677186533
162	-60	-0.0333992826939543
162.25	-60	-0.0292649700174757
162.5	-60	-0.0297715494415872
162.75	-60	-0.0253631252579832
163	-60	-0.0271617100382483
163.25	-60	-0.0293397029503145
163.5	-60	-0.0313458105024185
163.75	-60	-0.0336007803909949
164	-60	-0.0273063190336293
164.25	-60	-0.0319356504112651
164.5	-60	-0.0402059942475838
164.75	-60	-0.0329740119109235
165	-60	-0.0299335566811436
165.25	-60	-0.0345459335631315
165.5	-60	-0.0354347011291959
165.75	-60	-0.0269307749042831
166	-60	-0.030953294378608
166.25	-60	-0.0366650697027842
166.5	-60	-0.0346076135863875
166.75	-60	-0.0364018436078811
167	-60	-0.033289497005228
167.25	-60	-0.0311608193914673
167.5	-60	-0.0342403626162428
167.75	-60	-0.0230684336514616
168	-60	-0.0309098663955331
168.25	-60	-0.0239698522145289
168.5	-60	-0.0273118449275398
168.75	-60	-0.0355790946470784
169	-60	-0.0360689832726055
169.25	-60	-0.0303214657506302
169.5	-60	-0.0326324046881893
169.75	-60	-0.0290915983337346
170	-60	-0.0335567647166124
170.25	-60	-0.0271893991926888
170.5	-60	-0.0365193567605909
170.75	-60	-0.0326924986675792
171	-60	-0.0294832896075739
171.25	-60	-0.033654440847183
171.5	-60	-0.0317612100036521
171.75	-60	-0.031894437886838
172	-60	-0.0369160502902603
172.25	-60	-0.0282223980835879
172.5	-60	-0.0359968714553398
172.75	-60	-0.0340810424302276
173	-60	-0.0343792624142505
173.25	-60	-0.0315386038439305
173.5	-60	-0.0339461389714698
173.75	-60	-0.0307651450558003
174	-60	-0.0277475916262626
174.25	-60	-0.035923805138046
174.5	-60	-0.0345137662249358
174.75	-60	-0.030321576848769
175	0	0.0049418134562158
175.25	0	0.0159031182612712
175.5	0	0.00465911025815897
175.75	0	0.00618083645430034
176	0	0.00800832701624312
176.25	0	0.0131057819575962
176.5	0	0.00884407747811947
176.75	0	0.0168181234809122
177	0	0.0165854966884713
177.25	0	0.0141350469024785
177.5	0	0.0096882063018027
177.75	0	0.0109494873117286
178	0	0.00990129710427097
178.25	0	0.0146795650386462
178.5	0	0.0120578327688661
178.75	0	0.0192430800270752
179	0	0.0116327530393046
179.25	0	0.0093726333975311
179.5	0	0.00657924832059803
179.75	0	0.01230638835421
180	0	0.00928208397029694
180.25	0	0.0132404126572958
180.5	0	0.0167380313404249
180.75	0	0.00197316486628045
181	0	0.00110836510925564
181.25	0	0.00809046731463252
181.5	0	0.00889592251039471
181.75	0	0.00860120532811831
182	0	0.00854004929240612
182.25	0	0.00771762550527215
182.5	0	0.00523311627315451
182.75	0	0.00552802158794757
183	0	0.00525745045573224
183.25	0	0.0047500020004708
183.5	0	0.00853243122162312
183.75	0	0.00313817563282745
184	0	0.00547930066862836
184.25	0	0.0100914758053681
184.5	0	0.00422507174406145
184.75	0	0.00717301350086347
185	0	0.00666487288158341
185.25	0	0.00824063862757598
185.5	0	0.00942997905505067
185.75	0	0.00306374981570317
186	0	0.00871751457640771
186.25	0	0.00666829138855369
186.5	0	0.00508552369591023
186.75	0	0.00864724932304242
187	0	0.00439646217450817
187.25	0	0.0064540489885247
187.5	0	0.0111560365996253
187.75	0	0.00423879498443081
188	0	0.00471189107979232
188.25	0	0.00338527796691511
188.5	0	-3.14650300316938e-06
188.75	0	-0.000908812046760878
189	0	-0.00281907547745879
189.25	0	0.0104651026278844
189.5	0	0.00915197643054778
189.75	0	0.000975785804333886
190	0	0.0117520945781249
190.25	0	0.0101868516640747
190.5	0	0.00848416276845325
190.75	0	0.00143437305074831
191	0	0.0061668479213566
191.25	0	-0.000308263894484968
191.5	0	0.00948114099398025
191.75	0	0.00803295364725597
192	0	0.0087868821736265
192.25	0	0.00486908751583748
192.5	0	0.000552539380410049
192.75	0	0.0041295141741906
193	0	0.000155437340137913
193.25	0	0.00188041872548497
193.5	0	0.000353827824175608
193.75	0	-0.00309838849338865
194	0	0.00431823362231187
194.25	0	0.00766110142010532
194.5	0	0.000342640209102678
194.75	0	0.0032019189819031
195	0	0.00554792681431639
195.25	0	0.00210230097343805
195.5	0	-0.00216924316656274
195.75	0	0.0028038237347543
196	0	0.0101460028380169
196.25	0	0.001400775509299
196.5	0	0.000829124492297299
196.75	0	0.00200241828935246
197	0	0.00228626311044034
197.25	0	0.000784163834435342
197.5	0	0.00181468734203612
197.75	0	-0.00170170331791692
198	0	0.00350451257917926
198.25	0	0.00223737862609417
198.5	0	0.00235404877426843
198.75	0	0.00598657269095436
199	0	0.00197099712522644
199.25	0	-0.00132984341522732
199.5	0	-0.00319638835435874
199.75	0	-0.00544921517211267
200	-60	-0.0104062651585297
200.25	-60	-0.0148165903207966
200.5	-60	-0.0162885008642204
200.75	-60	-0.0104079819084093
201	-60	-0.0166775579502674
201.25	-60	-0.0127030654550856
201.5	-60	-0.0218587283525886
201.75	-60	-0.0245017930634522
202	-60	-0.0238400790100136
202.25	-60	-0.0161678924840116
202.5	-60	-0.0204308771419265
202.75	-60	-0.0241529124482461
203	-60	-0.0193604453668248
203.25	-60	-0.030170736506806
203.5	-60	-0.0215430996365657
203.75	-60	-0.0211986985336358
204	-60	-0.0226075987006421
204.25	-60	-0.0269375809070113
204.5	-60	-0.0288034459522408
204.75	-60	-0.0175367048678737
205	-60	-0.0167094760893215
205.25	-60	-0.0271733073379323
205.5	-60	-0.0294176199551166
205.75	-60	-0.0219906012513152
206	-60	-0.0198325546260014
206.25	-60	-0.0315550913172203
206.5	-60	-0.0335730193345978
206.75	-60	-0.0261362468764
207	-60	-0.0196998096456232
207.25	-60	-0.0291406487791756
207.5	-60	-0.0322508407243119
207.75	-60	-0.0283025730823175
208	-60	-0.0291011003655299
208.25	-60	-0.0305533079329285
208.5	-60	-0.0262162722261924
208.75	-60	-0.0221721963822603
209	-60	-0.0301476240550749
209.25	-60	-0.0335621889083713
209.5	-60	-0.028034830453295
209.75	-60	-0.0282198585555458
210	-60	-0.0308625162861987
210.25	-60	-0.0380614986853637
210.5	-60	-0.0314921403720224
210.75	-60	-0.0320634503518982
211	-60	-0.0301823851141591
211.25	-60	-0.0347480598039187
211.5	-60	-0.0310824424451529
211.75	-60	-0.025659383538007
212	-60	-0.0315298637231466
212.25	-60	-0.0347999047442751
212.5	-60	-0.0302985572132502
212.75	-60	-0.0315725347788249
213	-60	-0.0287187648935779
213.25	-60	-0.0325938298621701
213.5	-60	-0.0226872764042292
213.75	-60	-0.0256531618549118
214	-60	-0.0279322492814445
214.25	-60	-0.0399588376914172
214.5	-60	-0.0341703201642223
214.75	-60	-0.0302479358259982
215	-60	-0.0237792988703105
215.25	-60	-0.0207452524178997
215.5	-60	-0.0364475602401531
215.75	-60	-0.0285844446612471
216	-60	-0.0274949054962263
216.25	-60	-0.0274314252124526
216.5	-60	-0.0278167214721489
216.75	-60	-0.03851274216837
217	-60	-0.0327352501226557
217.25	-60	-0.0339547962519142
217.5	-60	-0.033532667263922
217.75	-60	-0.0277190794301707
218	-60	-0.0301701735387678
218.25	-60	-0.0220358058045657
218.5	-60	-0.0361799485212259
218.75	-60	-0.0308485191349279
219	-60	-0.0283521104263524
219.25	-60	-0.0349271082798664
219.5	-60	-0.0308340204662585
219.75	-60	-0.0358706110762246
220	-60	-0.0294924104299688
220.25	-60	-0.0265221817613599
220.5	-60	-0.0308753828899944
220.75	-60	-0.0250829220935584
221	-60	-0.0291580326701151
221.25	-60	-0.0334098446791127
221.5	-60	-0.0226700707929648
221.75	-60	-0.0311993985948491
222	-60	-0.0289323770614981
222.25	-60	-0.0287486630304155
222.5	-60	-0.0316045307185114
222.75	-60	-0.0309789184891531
223	-60	-0.0294893574549501
223.25	-60	-0.0252760748706761
223.5	-60	-0.0364942572869099
223.75	-60	-0.0223537683505327
224	-60	-0.0368590804092107
224.25	-60	-0.0330695478124889
224.5	-60	-0.033689744313198
224.75	-60	-0.0360131736183102
225	20	0.027609671277091
225.25	20	0.0331571532414711
225.5	20	0.0346681910258484
225.75	20	0.0361127839619745
226	20	0.0337843656472071
226.25	20	0.0307947282349337
226.5	20	0.0395273752933437
226.75	20	0.0390385581883291
227	20	0.0346773780124378
227.25	20	0.0354108408515625
227.5	20	0.0369194210736006
227.75	20	0.0342537240772599
228	20	0.0398746539027537
228.25	20	0.0357790864025398
228.5	20	0.0262108070103175
228.75	20	0.0323177929794145
229	20	0.0326488212037411
229.25	20	0.0417264183958334
229.5	20	0.0303363326733776
229.75	20	0.0357245823508508
230	20	0.0252388969247172
230.25	20	0.0301375791267631
230.5	20	0.0370661570880434
230.75	20	0.0328077343942202
231	20	0.0374688279129858
231.25	20	0.0368332402458859
231.5	20	0.0232388099101582
231.75	20	0.0324575968392747
232	20	0.0255191043603017
232.25	20	0.028187790851018
232.5	20	0.0289545999391472
232.75	20	0.019433430188023
233	20	0.0197614514493356
233.25	20	0.0224275639280379
233.5	20	0.0248601277586097
233.75	20	0.0318254552660902
234	20	0.0218657095044544
234.25	20	0.0201094634766331
234.5	20	0.0236382695221395
234.75	20	0.0246662267908554
235	20	0.0230297709859885
235.25	20	0.0197535505878879
235.5	20	0.025446350629166
235.75	20	0.0176189970083449
236	20	0.0208828250302255
236.25	20	0.0252739666809006
236.5	20	0.0110059254339551
236.75	20	0.0183821196100621
237	20	0.0206084969066287
237.25	20	0.0160561583127115
237.5	20	0.0163645170514386
237.75	20	0.0230108087428287
238	20	0.0183186278407142
238.25	20	0.011569333387072
238.5	20	0.0164343921737612
238.75	20	0.0162569773304307
239	20	0.0180924143750059
239.25	20	0.00690492713090226
239.5	20	0.0141103613661005
239.75	20	0.0136787359533941
240	20	0.0115092413430967
240.25	20	0.021991454942369
240.5	20	0.00292397764566272
240.75	20	0.0214529590394824
241	20	0.00894672559055687
241.25	20	0.0136392344449569
241.5	20	0.0189445118793936
241.75	20	0.0174636742154468
242	20	0.0158319486739526
242.25	20	0.0136526175675072
242.5	20	0.014304778689799
242.75	20	0.0113755953595554
243	20	0.0126720129427048
243.25	20	0.007513100354214
243.5	20	0.00758889852871926
243.75	20	0.00794875596699739
244	20	0.00232016229760042
244.25	20	0.00342368599206312
244.5	20	0.0122790339751857
244.75	20	0.00772661596686401
245	20	0.00820246514385444
245.25	20	0.0102491565874835
245.5	20	0.00705731710847502
245.75	20	0.0173725527639395
246	20	0.00431008442463512
246.25	20	0.0106686870460916
246.5	20	0.00853706376933079
246.75	20	0.00952802084231793
247	20	0.00574801096404814
247.25	20	0.0124919268585342
247.5	20	0.00567551017695291
247.75	20	0.00400913609339191
248	20	0.00530823217185193
248.25	20	0.00754160788776746
248.5	20	-0.00279321726567042
248.75	20	1.71885229606639e-05
249	20	0.0128812422165502
249.25	20	0.00772428669068535
249.5	20	0.00683642774421518
249.75	20	0.00735270624639373
250	-60	-0.007642038458007
250.25	-60	-0.0161971071756307
250.5	-60	-0.0133837370242099
250.75	-60	-0.0128330281544448
251	-60	-0.0189376258966024
251.25	-60	-0.0263150231443436
251.5	-60	-0.0196041469973915
251.75	-60	-0.0188361770075636
252	-60	-0.0186737296494557
252.25	-60	-0.0330831521901201
252.5	-60	-0.0202507848547949
252.75	-60	-0.0331383582977218
253	-60	-0.0312253693598222
253.25	-60	-0.0177035357159629
253.5	-60	-0.0217894696043639
253.75	-60	-0.0221152611639131
254	-60	-0.0296434526062899
254.25	-60	-0.0276255643524926
254.5	-60	-0.022755071216417
254.75	-60	-0.0145641094390127
255	-60	-0.0285815269855381
255.25	-60	-0.0301881683339276
255.5	-60	-0.0331683229394133
255.75	-60	-0.0276137746877552
256	-60	-0.0322067145426596
256.25	-60	-0.02580179658286
256.5	-60	-0.0261745055319428
256.75	-60	-0.029410950532881
257	-60	-0.0259884541378466
257.25	-60	-0.0218582515270274
257.5	-60	-0.0413255637340985
257.75	-60	-0.0261496433286424
258	-60	-0.0261879499832585
258.25	-60	-0.0187174439870322
258.5	-60	-0.0347463867331874
258.75	-60	-0.0259596594146002
259	-60	-0.0279893882197785
259.25	-60	-0.0286954070036193
259.5	-60	-0.0278922980627229
259.75	-60	-0.0335254422830063
260	-60	-0.0300302734901453
260.25	-60	-0.0341974736076774
260.5	-60	-0.0219547400133265
260.75	-60	-0.0256436226670505
261	-60	-0.0251091969120329
261.25	-60	-0.0270658047236308
261.5	-60	-0.0303137072407902
261.75	-60	-0.0289965639345816
262	-60	-0.0287844826679259
262.25	-60	-0.0384973361369936
262.5	-60	-0.0216868976317139
262.75	-60	-0.0239532610461872
263	-60	-0.040756817412164
263.25	-60	-0.0290131204384788
263.5	-60	-0.0288620298046439
263.75	-60	-0.0404355682755813
264	-60	-0.0313051114823588
264.25	-60	-0.0256470366961165
264.5	-60	-0.0307078382254835
264.75	-60	-0.0303626022225779
265	-60	-0.029196806853083
265.25	-60	-0.02861830848064
265.5	-60	-0.0326357340067104
265.75	-60	-0.0324281023596139
266	-60	-0.0325071359244588
266.25	-60	-0.03364968112227
266.5	-60	-0.0281849695172904
266.75	-60	-0.0304617571034216
267	-60	-0.0236607056088048
267.25	-60	-0.0255550008413792
267.5	-60	-0.0281958126568835
267.75	-60	-0.0293263452481913
268	-60	-0.0299065726219525
268.25	-60	-0.0304353590501457
268.5	-60	-0.0313553574375231
268.75	-60	-0.0372465190524071
269	-60	-0.0246077989501255
269.25	-60	-0.0289577355703838
269.5	-60	-0.036920302395766
269.75	-60	-0.0285238131979115
270	-60	-0.0349759378250893
270.25	-60	-0.0328536084130079
270.5	-60	-0.0316134209645034
270.75	-60	-0.0338067412130495
271	-60	-0.034796081985579
271.25	-60	-0.027939936551271
271.5	-60	-0.0224615189174904
271.75	-60	-0.0287075907129187
272	-60	-0.0347068407381703
272.25	-60	-0.0313544141007528
272.5	-60	-0.0343908366009615
272.75	-60	-0.028804041913489
273	-60	-0.0339499010998216
273.25	-60	-0.0314763839427368
273.5	-60	-0.0363547072866315
273.75	-60	-0.0325646565653291
274	-60	-0.0312827366206908
274.25	-60	-0.0353122816669937
274.5	-60	-0.0293044041732106
274.75	-60	-0.0337893700486231
